1.0000 1.0000 1.0000 1.0000 1.0000 1.0000 0.7143
0.8571 1.0000 1.0000 1.0000 0.8571 1.0000 1.0000 0.8571
0.8571 1.0000 1.0000 1.0000 1.0000 0.8571 1.0000
1.0000 1.0000 1.0000 1.0000 1.0000 0.8571 1.0000
1.0000 1.0000 0.8571 0.8571 1.0000 1.0000 0.8571
1.0000 1.0000 1.0000 0.8571 0.8571 1.0000 1.0000
1.0000 1.0000 1.0000 1.0000 0.8571 1.0000 1.0000
1.0000 1.0000 1.0000 1.0000 1.0000 1.0000 0.5714
0.8571 1.0000 1.0000 0.8571 1.0000 0.8571 1.0000
0.5714 1.0000 1.0000 1.0000 1.0000 1.0000 1.0000
1.0000 1.0000 1.0000 1.0000 1.0000 1.0000 0.8571
0.8571 1.0000 1.0000 1.0000 1.0000 0.8571 1.0000 0.8571
1.0000 0.8571 1.0000 1.0000 0.8571 0.8571 1.0000 0.8571
1.0000 1.0000 1.0000 1.0000 1.0000 1.0000 1.0000 1.0000
0.7143 0.7143 1.0000 1.0000 1.0000 1.0000 1.0000 1.0000
1.0000 0.8571 0.8571 1.0000 1.0000 1.0000 1.0000
0.7143 1.0000 1.0000 0.8571 0.7143 0.5714 1.0000 1.0000
1.0000 0.8571 1.0000 1.0000 0.7143 0.8571 1.0000
1.0000 1.0000 1.0000 1.0000 1.0000 1.0000 0.8571
1.0000 0.8571 1.0000 1.0000 1.0000 0.8571 1.0000
0.8571 1.0000 1.0000 1.0000 1.0000 1.0000 1.0000 1.0000
1.0000 1.0000 1.0000 1.0000 0.8571 1.0000 1.0000 1.0000
1.0000 1.0000 0.8571 1.0000 1.0000 1.0000 1.0000 1.0000
1.0000 1.0000 0.8571 1.0000 1.0000 1.0000 1.0000 0.8571
1.0000 1.0000 1.0000 1.0000 1.0000 0.8571 0.7143 1.0000
0.8571 0.7143 1.0000 0.8571 1.0000 0.8571 1.0000 0.8571
1.0000 0.8571 1.0000 0.8571 1.0000 0.8571 1.0000 1.0000
1.0000 0.8571 1.0000 1.0000 1.0000 1.0000 1.0000 1.0000
0.8571 1.0000 1.0000 0.8571 1.0000 1.0000 1.0000 1.0000
0.7143 1.0000 1.0000 1.0000 1.0000 1.0000 0.8571 1.0000
1.0000 1.0000 1.0000 0.8571 1.0000 1.0000 0.8571
0.8571 1.0000 1.0000 1.0000 1.0000 1.0000 1.0000
1.0000 1.0000 1.0000 1.0000 1.0000 0.8571 0.8571
1.0000 1.0000 1.0000 0.8571 1.0000 1.0000 0.8571
1.0000 1.0000 1.0000 0.8571 1.0000 1.0000 1.0000
1.0000 1.0000 1.0000 1.0000 1.0000 1.0000 1.0000
1.0000 1.0000 1.0000 0.8571 1.0000 1.0000 1.0000
1.0000 1.0000 1.0000 0.8571 1.0000 1.0000 1.0000
1.0000 1.0000 1.0000 1.0000 0.8571 0.8571 1.0000
1.0000 1.0000 1.0000 1.0000 0.8571 0.8571 0.8571
1.0000 1.0000 1.0000 1.0000 1.0000 1.0000 1.0000
0.8571 1.0000 1.0000 1.0000 0.8571 1.0000 1.0000
1.0000 1.0000 0.8571 0.8571 1.0000 1.0000 1.0000
1.0000 1.0000 1.0000 1.0000 1.0000 0.8571 1.0000
1.0000 1.0000 1.0000 1.0000 0.8571 0.8571 0.8571
1.0000 0.8571 1.0000 1.0000 1.0000 1.0000 0.8571
1.0000 1.0000 0.8571 1.0000 0.5714 0.8571 1.0000
1.0000 1.0000 0.8571 0.8571 0.8571 1.0000 0.8571
0.8571 1.0000 1.0000 0.8571 0.8571 1.0000 0.5714
1.0000 0.8571 1.0000 1.0000 1.0000 1.0000 1.0000
0.8571 1.0000 1.0000 1.0000 1.0000 1.0000 1.0000 1.0000
0.8571 1.0000 1.0000 1.0000 1.0000 1.0000 1.0000
1.0000 1.0000 1.0000 1.0000 1.0000 1.0000 1.0000 1.0000
0.8571 1.0000 1.0000 1.0000 1.0000 1.0000 1.0000 0.8571
1.0000 1.0000 1.0000 1.0000 1.0000 0.8571 0.8571 0.7143
1.0000 1.0000 1.0000 1.0000 1.0000 1.0000 0.8571
1.0000 1.0000 1.0000 1.0000 1.0000 1.0000 0.7143
1.0000 1.0000 1.0000 1.0000 1.0000 1.0000 1.0000
1.0000 1.0000 1.0000 0.8571 1.0000 1.0000 1.0000
1.0000 1.0000 1.0000 1.0000 1.0000 1.0000 0.8571
1.0000 1.0000 1.0000 1.0000 0.8571 1.0000 1.0000
1.0000 1.0000 0.8571 0.7143 1.0000 0.7143 1.0000
0.8571 1.0000 0.8571 0.7143 0.8571 1.0000 1.0000
1.0000 0.8571 1.0000 1.0000 0.8571 1.0000 0.8571
1.0000 1.0000 1.0000 1.0000 1.0000 1.0000 1.0000
1.0000 0.8571 1.0000 1.0000 1.0000 0.7143 0.8571
1.0000 1.0000 1.0000 1.0000 1.0000 1.0000 1.0000
1.0000 1.0000 1.0000 1.0000 1.0000 1.0000 0.8571
1.0000 0.8571 1.0000 1.0000 1.0000 1.0000 0.8571
1.0000 0.8571 0.7143 1.0000 1.0000 0.8571 0.8571
1.0000 1.0000 0.8571 0.8571 0.8571 0.8571 1.0000
1.0000 1.0000 0.8571 0.8571 0.7143 1.0000 1.0000
1.0000 1.0000 1.0000 1.0000 0.7143 1.0000 1.0000
1.0000 0.7143 1.0000 1.0000 0.8571 1.0000 1.0000 1.0000
1.0000 1.0000 1.0000 1.0000 1.0000 0.8571 0.8571
1.0000 1.0000 1.0000 1.0000 1.0000 1.0000 0.7143
1.0000 1.0000 1.0000 0.8571 1.0000 0.8571 1.0000
1.0000 1.0000 1.0000 1.0000 1.0000 1.0000 1.0000
1.0000 1.0000 1.0000 1.0000 1.0000 1.0000 1.0000
1.0000 1.0000 1.0000 1.0000 1.0000 1.0000 1.0000
0.8571 0.5714 0.8571 1.0000 0.8571 1.0000 1.0000
1.0000 1.0000 1.0000 1.0000 1.0000 1.0000 1.0000
1.0000 0.8571 1.0000 1.0000 0.8571 1.0000 0.8571
1.0000 0.7143 0.8571 1.0000 0.7143 0.7143 0.8571
1.0000 0.8571 1.0000 0.7143 1.0000 0.7143 1.0000
1.0000 1.0000 0.8571 1.0000 1.0000 1.0000 1.0000
1.0000 0.7143 0.8571 0.8571 1.0000 1.0000 1.0000
1.0000 1.0000 0.8571 1.0000 0.8571 1.0000 1.0000
1.0000 1.0000 0.8571 1.0000 1.0000 1.0000 1.0000
1.0000 1.0000 1.0000 1.0000 1.0000 1.0000 1.0000
1.0000 1.0000 0.8571 1.0000 0.8571 1.0000 1.0000
1.0000 1.0000 1.0000 1.0000 1.0000 1.0000 1.0000
0.8571 1.0000 1.0000 0.8571 1.0000 1.0000 0.8571
1.0000 1.0000 1.0000 0.7143 1.0000 1.0000 0.8571
1.0000 1.0000 1.0000 1.0000 1.0000 1.0000 1.0000
1.0000 1.0000 1.0000 0.7143 1.0000 1.0000 1.0000
1.0000 0.8571 1.0000 1.0000 1.0000 1.0000 1.0000
1.0000 0.8571 1.0000 1.0000 1.0000 1.0000 0.8571
1.0000 1.0000 1.0000 1.0000 1.0000 0.8571 0.7143
1.0000 0.5714 1.0000 1.0000 0.8571 1.0000 1.0000
1.0000 1.0000 1.0000 1.0000 0.8571 1.0000 0.8571
1.0000 0.7143 1.0000 0.7143 1.0000 1.0000 0.8571
1.0000 1.0000 1.0000 1.0000 1.0000 1.0000 0.8571
0.8571 0.8571 0.8571 1.0000 1.0000 0.8571 1.0000
1.0000 1.0000 1.0000 1.0000 1.0000 1.0000 1.0000
1.0000 1.0000 1.0000 1.0000 1.0000 1.0000 0.8571
1.0000 1.0000 1.0000 0.8571 0.8571 1.0000 1.0000
1.0000 1.0000 1.0000 0.8571 0.8571 1.0000 1.0000
0.8571 1.0000 1.0000 0.8571 1.0000 0.8571 0.8571
1.0000 1.0000 0.8571 1.0000 0.8571 1.0000 1.0000
1.0000 1.0000 1.0000 0.7143 1.0000 1.0000 1.0000 1.0000
1.0000 1.0000 1.0000 1.0000 1.0000 1.0000 1.0000
1.0000 1.0000 1.0000 1.0000 0.8571 0.8571 1.0000
1.0000 1.0000 0.8571 0.7143 0.8571 0.8571 0.8571
0.8571 1.0000 1.0000 0.8571 1.0000 1.0000 1.0000 1.0000
1.0000 0.5714 1.0000 1.0000 0.8571 1.0000 0.8571
1.0000 1.0000 1.0000 1.0000 1.0000 0.8571 1.0000
1.0000 1.0000 1.0000 0.8571 1.0000 0.8571 1.0000
1.0000 1.0000 1.0000 1.0000 1.0000 1.0000 1.0000
1.0000 1.0000 1.0000 1.0000 0.8571 1.0000 1.0000
1.0000 1.0000 0.8571 0.8571 1.0000 0.8571 0.8571
1.0000 1.0000 1.0000 0.7143 0.8571 1.0000 0.7143 1.0000
1.0000 1.0000 1.0000 1.0000 1.0000 1.0000 1.0000 0.8571
1.0000 1.0000 0.8571 1.0000 1.0000 1.0000 1.0000
1.0000 1.0000 1.0000 0.8571 1.0000 0.8571 1.0000
1.0000 1.0000 1.0000 1.0000 1.0000 1.0000 1.0000
1.0000 1.0000 1.0000 1.0000 1.0000 1.0000 0.8571
1.0000 1.0000 1.0000 1.0000 1.0000 1.0000 1.0000
1.0000 1.0000 1.0000 1.0000 1.0000 1.0000 1.0000
1.0000 0.7143 1.0000 1.0000 1.0000 1.0000 1.0000
1.0000 0.5714 1.0000 1.0000 1.0000 0.8571 0.8571
1.0000 0.7143 0.8571 1.0000 1.0000 1.0000 1.0000
1.0000 1.0000 1.0000 1.0000 0.8571 0.8571 1.0000
1.0000 0.8571 1.0000 1.0000 1.0000 1.0000 1.0000
1.0000 1.0000 1.0000 1.0000 0.8571 0.7143 0.8571
1.0000 1.0000 1.0000 1.0000 0.8571 1.0000 1.0000
1.0000 1.0000 1.0000 1.0000 1.0000 0.5714 1.0000
1.0000 0.8571 1.0000 1.0000 0.8571 0.8571 0.8571 0.8571
1.0000 0.8571 1.0000 0.8571 1.0000 1.0000 0.8571
1.0000 1.0000 0.8571 0.8571 1.0000 1.0000 1.0000
1.0000 1.0000 1.0000 1.0000 1.0000 0.8571 0.8571 1.0000
1.0000 1.0000 1.0000 1.0000 1.0000 1.0000 1.0000
1.0000 1.0000 1.0000 1.0000 1.0000 1.0000 0.8571
1.0000 1.0000 1.0000 1.0000 1.0000 0.8571 1.0000
0.8571 1.0000 1.0000 1.0000 1.0000 1.0000 1.0000
1.0000 1.0000 1.0000 1.0000 0.8571 1.0000 1.0000 1.0000
0.8571 0.5714 1.0000 0.8571 1.0000 1.0000 1.0000 0.7143
0.8571 0.7143 1.0000 1.0000 0.8571 1.0000 1.0000 1.0000
1.0000 1.0000 1.0000 0.8571 1.0000 0.7143 1.0000 1.0000
0.8571 0.5714 1.0000 0.8571 1.0000 1.0000 1.0000 0.8571
1.0000 1.0000 1.0000 0.8571 1.0000 1.0000 0.8571
0.8571 0.8571 1.0000 1.0000 1.0000 0.8571 1.0000 0.8571
1.0000 0.7143 0.8571 1.0000 0.8571 0.8571 1.0000 1.0000
1.0000 1.0000 1.0000 1.0000 0.8571 1.0000 1.0000 0.7143
0.8571 0.7143 1.0000 1.0000 1.0000 1.0000 1.0000 0.8571
0.8571 1.0000 1.0000 1.0000 1.0000 1.0000 0.8571
0.5714 1.0000 1.0000 1.0000 1.0000 1.0000 1.0000 1.0000
0.8571 1.0000 1.0000 1.0000 1.0000 1.0000 0.8571
1.0000 1.0000 1.0000 1.0000 0.8571 1.0000 1.0000 1.0000
0.8571 1.0000 1.0000 1.0000 0.8571 1.0000 0.7143
1.0000 1.0000 1.0000 0.7143 1.0000 1.0000 1.0000
1.0000 1.0000 1.0000 1.0000 1.0000 1.0000 1.0000
1.0000 1.0000 1.0000 1.0000 1.0000 1.0000 1.0000 1.0000
1.0000 0.8571 0.8571 1.0000 1.0000 1.0000 1.0000
0.8571 1.0000 1.0000 1.0000 0.8571 1.0000 1.0000
1.0000 1.0000 1.0000 1.0000 1.0000 0.8571 1.0000 1.0000
0.8571 1.0000 1.0000 1.0000 1.0000 1.0000 0.8571 1.0000
0.8571 0.8571 1.0000 1.0000 1.0000 1.0000 0.5714 0.8571
1.0000 1.0000 1.0000 1.0000 1.0000 1.0000 0.8571 1.0000
0.7143 1.0000 1.0000 0.8571 0.8571 1.0000 1.0000 1.0000
0.8571 0.8571 1.0000 0.8571 1.0000 1.0000 1.0000 0.8571
1.0000 1.0000 1.0000 1.0000 1.0000 1.0000 1.0000 1.0000
1.0000 1.0000 1.0000 1.0000 1.0000 1.0000 1.0000
1.0000 0.8571 1.0000 1.0000 1.0000 1.0000 1.0000 1.0000
0.8571 1.0000 1.0000 1.0000 0.8571 1.0000 1.0000 0.8571
1.0000 1.0000 1.0000 1.0000 0.8571 1.0000 0.8571
1.0000 1.0000 1.0000 1.0000 1.0000 1.0000 1.0000
1.0000 1.0000 1.0000 1.0000 1.0000 1.0000 0.8571
1.0000 1.0000 1.0000 1.0000 1.0000 0.8571 1.0000
1.0000 1.0000 0.5714 1.0000 1.0000 1.0000 1.0000
1.0000 1.0000 1.0000 1.0000 1.0000 0.8571 0.8571
1.0000 1.0000 0.8571 0.8571 1.0000 1.0000 1.0000
1.0000 1.0000 0.8571 0.8571 1.0000 0.5714 1.0000
1.0000 0.8571 1.0000 1.0000 1.0000 1.0000 1.0000
1.0000 1.0000 1.0000 1.0000 0.8571 1.0000 1.0000
1.0000 1.0000 0.8571 1.0000 0.7143 0.8571 0.8571
1.0000 1.0000 1.0000 0.8571 0.8571 1.0000 0.8571
1.0000 1.0000 1.0000 1.0000 1.0000 0.7143 0.8571
1.0000 1.0000 1.0000 1.0000 1.0000 0.8571 1.0000
1.0000 0.8571 1.0000 0.7143 1.0000 0.7143 0.8571
0.5714 1.0000 1.0000 0.8571 1.0000 1.0000 1.0000 1.0000
1.0000 0.8571 1.0000 1.0000 1.0000 1.0000 0.8571
1.0000 1.0000 1.0000 1.0000 1.0000 1.0000 0.8571
1.0000 1.0000 1.0000 1.0000 0.8571 1.0000 0.8571
1.0000 1.0000 1.0000 0.8571 1.0000 0.8571 1.0000
1.0000 0.8571 1.0000 1.0000 1.0000 1.0000 1.0000 1.0000
1.0000 1.0000 1.0000 1.0000 1.0000 1.0000 1.0000 1.0000
1.0000 1.0000 1.0000 1.0000 1.0000 1.0000 0.8571 1.0000
1.0000 1.0000 1.0000 1.0000 0.8571 0.8571 1.0000 0.8571
1.0000 0.8571 0.8571 1.0000 0.8571 1.0000 0.8571 1.0000
1.0000 1.0000 1.0000 0.8571 1.0000 0.5714 0.8571
1.0000 1.0000 1.0000 1.0000 1.0000 1.0000 1.0000
1.0000 1.0000 1.0000 1.0000 1.0000 0.8571 0.7143
1.0000 1.0000 1.0000 0.8571 1.0000 1.0000 0.7143
1.0000 1.0000 1.0000 1.0000 0.8571 0.7143 1.0000
1.0000 1.0000 1.0000 1.0000 1.0000 1.0000 1.0000
0.8571 1.0000 1.0000 1.0000 1.0000 1.0000 1.0000
1.0000 1.0000 0.5714 1.0000 1.0000 0.8571 0.7143
0.8571 1.0000 0.8571 1.0000 1.0000 1.0000 1.0000
1.0000 1.0000 0.8571 0.8571 1.0000 1.0000 1.0000
0.8571 1.0000 1.0000 1.0000 1.0000 1.0000 0.8571
1.0000 1.0000 0.8571 1.0000 1.0000 1.0000 1.0000
0.8571 1.0000 0.7143 1.0000 1.0000 0.8571 1.0000
1.0000 1.0000 1.0000 1.0000 1.0000 1.0000 0.8571
1.0000 1.0000 1.0000 1.0000 1.0000 1.0000 0.8571
1.0000 1.0000 1.0000 1.0000 0.8571 1.0000 0.8571 1.0000
1.0000 0.8571 1.0000 1.0000 1.0000 1.0000 1.0000 1.0000
1.0000 1.0000 1.0000 1.0000 1.0000 1.0000 1.0000 0.8571
0.8571 1.0000 1.0000 1.0000 1.0000 0.7143 1.0000 1.0000
0.8571 1.0000 1.0000 0.8571 1.0000 1.0000 0.8571 1.0000
1.0000 1.0000 1.0000 0.8571 0.8571 1.0000 1.0000
1.0000 1.0000 1.0000 1.0000 1.0000 0.8571 1.0000
1.0000 1.0000 0.8571 1.0000 1.0000 1.0000 1.0000
1.0000 1.0000 1.0000 0.7143 1.0000 1.0000 0.8571
1.0000 1.0000 1.0000 1.0000 0.7143 1.0000 1.0000
1.0000 1.0000 1.0000 1.0000 0.8571 0.7143 0.8571
1.0000 1.0000 1.0000 1.0000 1.0000 1.0000 1.0000 1.0000
1.0000 1.0000 1.0000 0.8571 1.0000 0.8571 0.8571
1.0000 0.5714 1.0000 1.0000 0.8571 1.0000 0.8571 1.0000
0.8571 1.0000 1.0000 1.0000 0.4286 1.0000 1.0000 0.8571
1.0000 1.0000 1.0000 1.0000 1.0000 0.8571 1.0000
1.0000 1.0000 1.0000 1.0000 1.0000 1.0000 1.0000
1.0000 1.0000 1.0000 1.0000 1.0000 0.8571 0.8571
0.8571 1.0000 0.7143 1.0000 1.0000 0.7143 0.8571
1.0000 1.0000 1.0000 1.0000 1.0000 0.8571 1.0000
1.0000 1.0000 1.0000 1.0000 0.8571 0.7143 1.0000
1.0000 1.0000 1.0000 0.8571 1.0000 1.0000 1.0000
0.8571 1.0000 1.0000 1.0000 0.8571 1.0000 1.0000
1.0000 1.0000 0.8571 1.0000 0.8571 0.8571 1.0000
1.0000 1.0000 1.0000 1.0000 1.0000 1.0000 1.0000
1.0000 0.8571 1.0000 1.0000 1.0000 0.7143 1.0000 0.8571
0.8571 1.0000 1.0000 0.7143 0.4286 0.7143 1.0000 0.8571
1.0000 1.0000 1.0000 1.0000 0.8571 1.0000 1.0000 0.8571
0.5714 1.0000 1.0000 1.0000 1.0000 1.0000 1.0000 0.7143
0.8571 0.7143 0.8571 1.0000 1.0000 0.8571 1.0000 0.8571
1.0000 0.8571 1.0000 1.0000 1.0000 1.0000 1.0000
1.0000 0.8571 1.0000 1.0000 0.8571 1.0000 0.8571
1.0000 0.8571 1.0000 1.0000 0.7143 1.0000 1.0000
0.8571 0.8571 1.0000 0.8571 0.8571 1.0000 1.0000
0.8571 0.8571 1.0000 1.0000 1.0000 0.8571 0.8571
1.0000 1.0000 0.8571 1.0000 0.8571 1.0000 0.8571
0.8571 1.0000 1.0000 1.0000 1.0000 1.0000 0.7143
1.0000 1.0000 0.8571 1.0000 0.8571 1.0000 1.0000
1.0000 1.0000 1.0000 1.0000 0.8571 1.0000 0.7143
1.0000 1.0000 1.0000 1.0000 1.0000 0.5714 0.7143
1.0000 1.0000 0.8571 1.0000 1.0000 1.0000 0.8571
1.0000 0.8571 1.0000 1.0000 1.0000 0.8571 1.0000 1.0000
1.0000 1.0000 1.0000 0.8571 0.8571 1.0000 0.8571
0.8571 0.5714 1.0000 1.0000 1.0000 1.0000 0.8571 0.8571
1.0000 1.0000 1.0000 1.0000 1.0000 1.0000 1.0000
1.0000 1.0000 1.0000 1.0000 0.7143 1.0000 0.8571
1.0000 0.7143 1.0000 1.0000 0.8571 1.0000 1.0000 0.7143
1.0000 1.0000 1.0000 1.0000 1.0000 1.0000 1.0000
1.0000 1.0000 1.0000 0.7143 1.0000 0.7143 0.8571
1.0000 0.8571 1.0000 0.8571 1.0000 1.0000 1.0000
1.0000 1.0000 1.0000 1.0000 1.0000 1.0000 0.8571
1.0000 1.0000 1.0000 1.0000 1.0000 1.0000 1.0000
1.0000 1.0000 1.0000 1.0000 0.8571 1.0000 1.0000
1.0000 1.0000 1.0000 1.0000 1.0000 1.0000 1.0000
1.0000 1.0000 1.0000 1.0000 1.0000 0.8571 1.0000
1.0000 1.0000 1.0000 1.0000 0.8571 0.8571 1.0000
1.0000 1.0000 1.0000 1.0000 1.0000 1.0000 1.0000
1.0000 1.0000 1.0000 1.0000 1.0000 1.0000 0.8571
1.0000 1.0000 1.0000 0.7143 1.0000 1.0000 1.0000
1.0000 1.0000 1.0000 0.4286 1.0000 1.0000 1.0000
1.0000 1.0000 1.0000 1.0000 1.0000 1.0000 0.8571 1.0000
0.7143 1.0000 1.0000 1.0000 1.0000 0.8571 1.0000 1.0000
1.0000 0.8571 1.0000 0.8571 0.8571 1.0000 1.0000 0.8571
0.8571 0.8571 1.0000 1.0000 0.8571 1.0000 1.0000 0.8571
1.0000 1.0000 1.0000 1.0000 1.0000 1.0000 0.8571
1.0000 0.8571 0.8571 0.8571 1.0000 0.8571 1.0000
1.0000 1.0000 1.0000 1.0000 0.8571 1.0000 0.8571
1.0000 1.0000 0.8571 1.0000 1.0000 1.0000 0.8571
1.0000 1.0000 0.8571 1.0000 0.8571 0.8571 0.8571
1.0000 1.0000 1.0000 0.8571 1.0000 1.0000 1.0000
0.8571 1.0000 1.0000 1.0000 1.0000 0.8571 0.8571 1.0000
0.8571 1.0000 1.0000 1.0000 1.0000 1.0000 1.0000 1.0000
1.0000 0.8571 1.0000 1.0000 1.0000 0.5714 1.0000
1.0000 1.0000 1.0000 0.8571 1.0000 1.0000 1.0000
1.0000 1.0000 1.0000 0.7143 0.7143 1.0000 1.0000
1.0000 1.0000 1.0000 1.0000 1.0000 1.0000 0.8571
1.0000 1.0000 0.8571 0.7143 1.0000 1.0000 0.8571
1.0000 1.0000 1.0000 1.0000 1.0000 1.0000 1.0000
1.0000 1.0000 1.0000 1.0000 1.0000 1.0000 1.0000
1.0000 0.8571 1.0000 1.0000 1.0000 1.0000 1.0000
1.0000 1.0000 1.0000 0.8571 1.0000 1.0000 1.0000
1.0000 1.0000 1.0000 1.0000 1.0000 1.0000 1.0000
1.0000 1.0000 0.8571 1.0000 1.0000 1.0000 1.0000
1.0000 0.7143 1.0000 1.0000 1.0000 1.0000 1.0000
1.0000 1.0000 0.8571 0.8571 1.0000 1.0000 1.0000
1.0000 1.0000 1.0000 1.0000 1.0000 1.0000 1.0000
1.0000 1.0000 0.8571 1.0000 1.0000 1.0000 1.0000
1.0000 1.0000 1.0000 0.7143 1.0000 1.0000 1.0000
1.0000 1.0000 0.7143 0.8571 1.0000 1.0000 0.8571
1.0000 1.0000 1.0000 0.8571 0.8571 1.0000 1.0000
1.0000 1.0000 1.0000 1.0000 1.0000 1.0000 1.0000
1.0000 1.0000 1.0000 1.0000 1.0000 1.0000 1.0000
1.0000 1.0000 0.7143 1.0000 1.0000 1.0000 1.0000
1.0000 1.0000 0.8571 1.0000 1.0000 1.0000 1.0000
1.0000 1.0000 1.0000 1.0000 0.8571 1.0000 1.0000
1.0000 1.0000 0.7143 1.0000 1.0000 1.0000 0.8571
1.0000 1.0000 1.0000 1.0000 0.8571 1.0000 1.0000
1.0000 1.0000 1.0000 1.0000 1.0000 1.0000 1.0000
1.0000 1.0000 0.8571 1.0000 0.8571 1.0000 1.0000
1.0000 0.8571 1.0000 1.0000 1.0000 1.0000 1.0000
1.0000 0.8571 1.0000 0.8571 0.7143 1.0000 0.8571
1.0000 1.0000 1.0000 1.0000 1.0000 1.0000 1.0000 1.0000
1.0000 1.0000 1.0000 1.0000 1.0000 1.0000 1.0000
1.0000 1.0000 1.0000 1.0000 1.0000 0.8571 1.0000
0.8571 1.0000 1.0000 1.0000 1.0000 1.0000 1.0000 1.0000
1.0000 1.0000 1.0000 1.0000 1.0000 1.0000 0.8571
1.0000 1.0000 1.0000 1.0000 1.0000 1.0000 1.0000
1.0000 1.0000 1.0000 1.0000 1.0000 0.8571 1.0000
1.0000 1.0000 1.0000 1.0000 1.0000 1.0000 0.8571
1.0000 1.0000 1.0000 0.7143 1.0000 1.0000 1.0000
1.0000 1.0000 1.0000 1.0000 1.0000 1.0000 1.0000
1.0000 1.0000 1.0000 1.0000 0.8571 1.0000 0.7143
1.0000 1.0000 1.0000 1.0000 1.0000 1.0000 1.0000
1.0000 1.0000 1.0000 0.8571 0.7143 0.5714 1.0000
1.0000 1.0000 1.0000 1.0000 1.0000 0.8571 1.0000
1.0000 1.0000 1.0000 0.8571 1.0000 1.0000 0.8571
1.0000 1.0000 1.0000 1.0000 1.0000 1.0000 1.0000
1.0000 1.0000 1.0000 0.8571 1.0000 1.0000 1.0000
1.0000 1.0000 1.0000 1.0000 1.0000 1.0000 1.0000
0.7143 1.0000 1.0000 1.0000 1.0000 0.8571 1.0000
1.0000 1.0000 1.0000 1.0000 1.0000 1.0000 1.0000
1.0000 1.0000 1.0000 0.8571 1.0000 1.0000 1.0000 1.0000
1.0000 1.0000 1.0000 1.0000 1.0000 0.8571 1.0000
1.0000 1.0000 1.0000 1.0000 1.0000 1.0000 1.0000
1.0000 1.0000 1.0000 1.0000 1.0000 0.7143 1.0000 1.0000
1.0000 1.0000 1.0000 0.8571 0.8571 1.0000 1.0000 1.0000
0.5714 1.0000 1.0000 1.0000 1.0000 1.0000 1.0000 0.8571
0.8571 1.0000 1.0000 0.8571 0.8571 1.0000 1.0000 0.7143
1.0000 0.8571 1.0000 1.0000 0.8571 1.0000 0.8571
1.0000 1.0000 1.0000 1.0000 1.0000 1.0000 0.7143
1.0000 0.8571 0.8571 1.0000 1.0000 1.0000 1.0000
1.0000 0.8571 0.8571 1.0000 0.8571 0.8571 1.0000
1.0000 1.0000 1.0000 1.0000 0.8571 1.0000 1.0000
1.0000 1.0000 1.0000 0.8571 0.8571 1.0000 0.8571
1.0000 1.0000 1.0000 1.0000 1.0000 1.0000 1.0000
1.0000 1.0000 1.0000 1.0000 1.0000 1.0000 1.0000
0.8571 1.0000 1.0000 0.8571 1.0000 1.0000 1.0000
1.0000 1.0000 1.0000 1.0000 1.0000 1.0000 1.0000
1.0000 1.0000 1.0000 0.8571 1.0000 1.0000 0.8571
1.0000 1.0000 1.0000 0.8571 1.0000 0.8571 1.0000
1.0000 1.0000 1.0000 1.0000 0.7143 1.0000 1.0000 0.8571
0.8571 0.8571 1.0000 1.0000 0.8571 1.0000 1.0000 1.0000
1.0000 1.0000 1.0000 1.0000 1.0000 1.0000 1.0000 1.0000
1.0000 1.0000 1.0000 1.0000 1.0000 1.0000 1.0000 1.0000
0.8571 0.8571 1.0000 1.0000 1.0000 1.0000 1.0000 1.0000
0.8571 1.0000 1.0000 1.0000 0.8571 1.0000 1.0000 1.0000
1.0000 1.0000 1.0000 1.0000 0.7143 1.0000 1.0000
0.7143 1.0000 1.0000 1.0000 0.8571 1.0000 1.0000 1.0000
1.0000 1.0000 1.0000 1.0000 1.0000 1.0000 1.0000 0.8571
1.0000 1.0000 1.0000 1.0000 1.0000 1.0000 1.0000 1.0000
1.0000 1.0000 1.0000 0.8571 1.0000 1.0000 1.0000 1.0000
1.0000 1.0000 1.0000 1.0000 1.0000 1.0000 0.8571
1.0000 1.0000 1.0000 1.0000 1.0000 1.0000 1.0000
1.0000 1.0000 1.0000 1.0000 1.0000 0.8571 0.8571
1.0000 1.0000 1.0000 1.0000 1.0000 1.0000 1.0000
1.0000 1.0000 1.0000 1.0000 1.0000 1.0000 1.0000
1.0000 0.7143 1.0000 0.7143 1.0000 1.0000 0.7143
1.0000 1.0000 1.0000 1.0000 1.0000 1.0000 0.7143
1.0000 1.0000 1.0000 1.0000 1.0000 0.7143 1.0000
1.0000 1.0000 0.8571 1.0000 1.0000 1.0000 1.0000
1.0000 1.0000 1.0000 1.0000 1.0000 1.0000 1.0000
1.0000 1.0000 1.0000 1.0000 1.0000 1.0000 1.0000
1.0000 1.0000 1.0000 1.0000 1.0000 1.0000 1.0000
1.0000 1.0000 0.8571 1.0000 0.8571 1.0000 1.0000
1.0000 1.0000 1.0000 1.0000 1.0000 1.0000 1.0000
1.0000 1.0000 1.0000 1.0000 1.0000 1.0000 1.0000 1.0000
0.8571 1.0000 1.0000 1.0000 1.0000 1.0000 1.0000 1.0000
1.0000 0.8571 1.0000 1.0000 0.8571 1.0000 1.0000 1.0000
0.8571 1.0000 1.0000 1.0000 1.0000 1.0000 1.0000 1.0000
1.0000 1.0000 1.0000 1.0000 0.8571 1.0000 1.0000 0.7143
1.0000 1.0000 1.0000 1.0000 1.0000 1.0000 1.0000
1.0000 1.0000 1.0000 1.0000 1.0000 1.0000 1.0000
1.0000 1.0000 1.0000 1.0000 1.0000 1.0000 1.0000
1.0000 1.0000 1.0000 1.0000 1.0000 1.0000 1.0000
1.0000 1.0000 1.0000 1.0000 1.0000 1.0000 1.0000
1.0000 1.0000 1.0000 0.8571 0.8571 1.0000 0.8571
1.0000 1.0000 1.0000 1.0000 1.0000 1.0000 1.0000
1.0000 1.0000 1.0000 1.0000 1.0000 1.0000 1.0000
1.0000 1.0000 1.0000 1.0000 1.0000 1.0000 0.7143
1.0000 0.8571 1.0000 1.0000 1.0000 0.8571 1.0000
1.0000 1.0000 1.0000 1.0000 1.0000 1.0000 1.0000
1.0000 1.0000 1.0000 1.0000 1.0000 1.0000 0.7143
1.0000 1.0000 1.0000 0.8571 1.0000 1.0000 1.0000
1.0000 1.0000 1.0000 1.0000 1.0000 1.0000 1.0000 1.0000
1.0000 1.0000 1.0000 0.8571 1.0000 1.0000 1.0000
1.0000 1.0000 1.0000 1.0000 1.0000 1.0000 0.8571
1.0000 1.0000 1.0000 1.0000 1.0000 1.0000 1.0000
1.0000 1.0000 0.8571 1.0000 1.0000 1.0000 1.0000
1.0000 1.0000 1.0000 1.0000 0.8571 0.8571 1.0000
1.0000 1.0000 1.0000 1.0000 1.0000 1.0000 1.0000
1.0000 1.0000 1.0000 1.0000 1.0000 1.0000 1.0000
1.0000 1.0000 1.0000 1.0000 1.0000 1.0000 1.0000
1.0000 1.0000 1.0000 1.0000 1.0000 1.0000 1.0000
1.0000 1.0000 1.0000 0.7143 1.0000 1.0000 1.0000
1.0000 1.0000 1.0000 1.0000 1.0000 1.0000 1.0000
1.0000 1.0000 1.0000 1.0000 1.0000 1.0000 1.0000
1.0000 1.0000 1.0000 1.0000 1.0000 1.0000 1.0000
1.0000 1.0000 1.0000 1.0000 1.0000 1.0000 1.0000
1.0000 1.0000 1.0000 1.0000 1.0000 1.0000 1.0000
1.0000 1.0000 1.0000 1.0000 1.0000 1.0000 1.0000
1.0000 1.0000 1.0000 1.0000 1.0000 1.0000 0.7143
1.0000 1.0000 1.0000 1.0000 1.0000 1.0000 0.8571
0.7143 1.0000 1.0000 1.0000 1.0000 0.8571 1.0000 1.0000
1.0000 1.0000 1.0000 1.0000 0.8571 0.8571 1.0000
1.0000 1.0000 1.0000 1.0000 0.7143 1.0000 1.0000
1.0000 1.0000 1.0000 1.0000 1.0000 1.0000 0.8571
1.0000 1.0000 0.8571 1.0000 1.0000 1.0000 0.7143
1.0000 1.0000 1.0000 1.0000 1.0000 1.0000 1.0000
1.0000 0.8571 1.0000 0.8571 1.0000 0.8571 0.8571
0.8571 0.8571 1.0000 1.0000 1.0000 1.0000 0.8571
1.0000 1.0000 1.0000 1.0000 1.0000 0.7143 1.0000
1.0000 1.0000 1.0000 1.0000 0.8571 0.8571 0.8571
1.0000 1.0000 1.0000 1.0000 1.0000 1.0000 1.0000
1.0000 1.0000 1.0000 1.0000 1.0000 1.0000 0.8571
1.0000 1.0000 1.0000 1.0000 0.8571 1.0000 1.0000
1.0000 1.0000 1.0000 1.0000 1.0000 1.0000 0.8571
1.0000 1.0000 1.0000 1.0000 1.0000 1.0000 1.0000 1.0000
0.8571 0.8571 1.0000 1.0000 1.0000 1.0000 1.0000 1.0000
1.0000 1.0000 1.0000 0.7143 1.0000 1.0000 0.8571
0.7143 0.7143 1.0000 1.0000 0.7143 1.0000 1.0000 0.8571
1.0000 1.0000 1.0000 1.0000 1.0000 1.0000 1.0000 1.0000
0.8571 1.0000 1.0000 1.0000 1.0000 1.0000 1.0000 1.0000
1.0000 1.0000 1.0000 1.0000 1.0000 0.8571 0.8571
1.0000 1.0000 0.8571 1.0000 1.0000 1.0000 1.0000
1.0000 1.0000 1.0000 1.0000 1.0000 1.0000 0.8571
0.8571 1.0000 1.0000 1.0000 1.0000 1.0000 1.0000 1.0000
0.7143 1.0000 1.0000 1.0000 1.0000 1.0000 1.0000 1.0000
0.8571 1.0000 1.0000 1.0000 1.0000 1.0000 1.0000 1.0000
1.0000 1.0000 1.0000 1.0000 1.0000 0.8571 0.8571
1.0000 1.0000 1.0000 1.0000 0.7143 1.0000 1.0000
1.0000 1.0000 1.0000 1.0000 1.0000 1.0000 1.0000
1.0000 1.0000 1.0000 1.0000 1.0000 1.0000 1.0000
1.0000 1.0000 1.0000 1.0000 1.0000 1.0000 0.8571
1.0000 1.0000 0.8571 1.0000 0.8571 1.0000 1.0000
1.0000 1.0000 1.0000 0.8571 1.0000 1.0000 0.8571
1.0000 0.8571 0.7143 1.0000 0.8571 0.5714 1.0000
1.0000 1.0000 1.0000 0.8571 1.0000 0.8571 1.0000
1.0000 1.0000 1.0000 1.0000 1.0000 0.8571 1.0000
1.0000 0.7143 0.7143 0.8571 1.0000 0.5714 1.0000
1.0000 0.8571 0.5714 0.7143 1.0000 1.0000 1.0000
1.0000 1.0000 1.0000 1.0000 1.0000 1.0000 1.0000 1.0000
1.0000 1.0000 1.0000 1.0000 1.0000 1.0000 1.0000
1.0000 1.0000 1.0000 1.0000 1.0000 1.0000 1.0000
0.8571 1.0000 1.0000 1.0000 1.0000 0.7143 0.8571
1.0000 1.0000 1.0000 1.0000 1.0000 1.0000 1.0000 1.0000
1.0000 1.0000 1.0000 1.0000 1.0000 1.0000 1.0000 0.8571
0.7143 1.0000 0.8571 1.0000 1.0000 1.0000 0.8571 1.0000
1.0000 1.0000 1.0000 0.8571 0.8571 0.8571 0.8571 0.8571
1.0000 1.0000 1.0000 1.0000 1.0000 1.0000 1.0000 0.8571
1.0000 0.8571 1.0000 1.0000 0.7143 0.7143 0.8571 0.8571
1.0000 0.8571 0.5714 1.0000 0.8571 1.0000 1.0000
1.0000 1.0000 0.8571 1.0000 1.0000 1.0000 1.0000
1.0000 1.0000 0.7143 0.8571 1.0000 1.0000 1.0000
1.0000 1.0000 0.7143 1.0000 0.8571 1.0000 1.0000
1.0000 0.8571 1.0000 1.0000 1.0000 1.0000 1.0000
1.0000 1.0000 1.0000 1.0000 1.0000 1.0000 1.0000
1.0000 1.0000 1.0000 1.0000 1.0000 1.0000 0.8571
1.0000 0.8571 1.0000 1.0000 1.0000 1.0000 1.0000
1.0000 1.0000 1.0000 0.8571 1.0000 1.0000 1.0000
1.0000 1.0000 1.0000 0.8571 1.0000 1.0000 1.0000
1.0000 1.0000 1.0000 0.7143 1.0000 1.0000 0.7143
1.0000 1.0000 1.0000 1.0000 1.0000 0.8571 1.0000
1.0000 1.0000 1.0000 1.0000 1.0000 1.0000 1.0000
1.0000 1.0000 1.0000 1.0000 1.0000 1.0000 1.0000
1.0000 1.0000 1.0000 1.0000 1.0000 1.0000 1.0000
1.0000 1.0000 1.0000 1.0000 1.0000 1.0000 1.0000 1.0000
1.0000 1.0000 1.0000 1.0000 1.0000 1.0000 1.0000 1.0000
1.0000 1.0000 1.0000 1.0000 1.0000 1.0000 1.0000 1.0000
1.0000 1.0000 1.0000 1.0000 1.0000 1.0000 1.0000 0.8571
0.8571 1.0000 1.0000 1.0000 1.0000 1.0000 1.0000 1.0000
1.0000 0.7143 1.0000 1.0000 1.0000 1.0000 1.0000 1.0000
1.0000 1.0000 1.0000 1.0000 1.0000 0.8571 1.0000
1.0000 1.0000 1.0000 1.0000 0.8571 1.0000 1.0000
1.0000 1.0000 1.0000 1.0000 1.0000 1.0000 0.8571
1.0000 1.0000 1.0000 1.0000 1.0000 1.0000 1.0000
1.0000 1.0000 1.0000 1.0000 0.8571 1.0000 0.7143 0.8571
0.8571 1.0000 1.0000 1.0000 1.0000 1.0000 1.0000
1.0000 1.0000 1.0000 1.0000 1.0000 1.0000 1.0000 0.8571
1.0000 0.8571 1.0000 1.0000 1.0000 1.0000 1.0000
1.0000 1.0000 0.8571 0.8571 1.0000 1.0000 0.8571
1.0000 0.7143 1.0000 1.0000 1.0000 0.8571 1.0000 1.0000
0.8571 1.0000 1.0000 1.0000 1.0000 0.8571 1.0000 0.8571
1.0000 1.0000 1.0000 1.0000 0.8571 1.0000 1.0000 1.0000
0.8571 1.0000 1.0000 1.0000 1.0000 0.8571 1.0000 0.8571
0.8571 0.8571 1.0000 1.0000 1.0000 0.8571 0.8571 1.0000
1.0000 1.0000 1.0000 1.0000 0.8571 1.0000 1.0000 1.0000
1.0000 1.0000 0.7143 1.0000 1.0000 1.0000 1.0000
1.0000 1.0000 1.0000 0.8571 0.8571 1.0000 1.0000
1.0000 1.0000 1.0000 1.0000 1.0000 1.0000 0.8571
1.0000 1.0000 0.8571 0.7143 0.8571 1.0000 1.0000
1.0000 1.0000 1.0000 1.0000 1.0000 1.0000 0.8571
1.0000 1.0000 1.0000 1.0000 1.0000 1.0000 1.0000
1.0000 1.0000 1.0000 1.0000 0.8571 0.8571 1.0000
1.0000 1.0000 1.0000 1.0000 1.0000 1.0000 1.0000
1.0000 1.0000 1.0000 1.0000 1.0000 0.7143 1.0000
1.0000 1.0000 1.0000 1.0000 1.0000 1.0000 1.0000
1.0000 1.0000 1.0000 1.0000 1.0000 1.0000 1.0000
1.0000 1.0000 1.0000 0.8571 0.8571 1.0000 1.0000
1.0000 1.0000 1.0000 1.0000 0.8571 0.8571 1.0000
1.0000 1.0000 1.0000 1.0000 1.0000 1.0000 1.0000
1.0000 0.7143 0.8571 1.0000 1.0000 1.0000 1.0000
1.0000 0.8571 0.7143 1.0000 1.0000 0.8571 0.8571
0.8571 1.0000 1.0000 1.0000 0.8571 1.0000 1.0000
1.0000 1.0000 1.0000 1.0000 1.0000 1.0000 1.0000
1.0000 1.0000 1.0000 0.8571 1.0000 1.0000 1.0000
1.0000 1.0000 0.8571 1.0000 0.7143 1.0000 1.0000
1.0000 1.0000 1.0000 1.0000 1.0000 0.7143 0.8571
1.0000 1.0000 1.0000 1.0000 1.0000 1.0000 1.0000
1.0000 0.8571 1.0000 1.0000 1.0000 1.0000 0.8571 1.0000
0.8571 1.0000 1.0000 1.0000 1.0000 1.0000 0.8571
1.0000 1.0000 1.0000 0.7143 0.8571 0.8571 0.5714 1.0000
1.0000 1.0000 1.0000 1.0000 0.8571 1.0000 1.0000 1.0000
0.7143 1.0000 1.0000 1.0000 1.0000 1.0000 1.0000 1.0000
1.0000 1.0000 1.0000 1.0000 1.0000 1.0000 1.0000 1.0000
1.0000 0.8571 1.0000 1.0000 0.8571 0.8571 1.0000 1.0000
1.0000 1.0000 1.0000 0.8571 0.7143 1.0000 1.0000
0.8571 1.0000 1.0000 1.0000 0.8571 0.8571 1.0000 0.7143
1.0000 1.0000 1.0000 0.4286 1.0000 1.0000 1.0000
0.8571 1.0000 1.0000 1.0000 1.0000 1.0000 1.0000 1.0000
1.0000 1.0000 1.0000 0.7143 1.0000 1.0000 0.8571 0.7143
1.0000 1.0000 1.0000 1.0000 1.0000 1.0000 1.0000
1.0000 1.0000 1.0000 0.8571 1.0000 1.0000 0.8571
1.0000 1.0000 0.5714 1.0000 0.8571 1.0000 1.0000
1.0000 1.0000 1.0000 1.0000 1.0000 0.8571 1.0000
1.0000 1.0000 1.0000 1.0000 1.0000 0.8571 1.0000
0.8571 0.8571 0.7143 0.8571 0.8571 1.0000 1.0000
1.0000 0.8571 1.0000 0.8571 1.0000 1.0000 1.0000
1.0000 1.0000 0.8571 1.0000 1.0000 1.0000 1.0000
1.0000 0.8571 0.8571 1.0000 1.0000 1.0000 1.0000
1.0000 1.0000 0.7143 0.7143 1.0000 0.7143 0.8571
1.0000 1.0000 1.0000 1.0000 0.8571 0.8571 1.0000
1.0000 1.0000 1.0000 0.7143 1.0000 1.0000 1.0000
1.0000 1.0000 1.0000 1.0000 1.0000 1.0000 0.7143
1.0000 1.0000 1.0000 1.0000 1.0000 1.0000 1.0000
0.8571 1.0000 1.0000 1.0000 1.0000 1.0000 0.8571
1.0000 1.0000 1.0000 1.0000 0.8571 1.0000 0.8571 1.0000
1.0000 0.8571 1.0000 0.8571 1.0000 1.0000 1.0000 0.8571
1.0000 1.0000 1.0000 1.0000 1.0000 1.0000 1.0000 0.7143
1.0000 0.8571 1.0000 1.0000 0.8571 0.7143 0.8571 0.8571
1.0000 1.0000 1.0000 1.0000 1.0000 1.0000 0.8571
0.8571 1.0000 0.8571 1.0000 0.7143 1.0000 0.8571
0.5714 1.0000 1.0000 1.0000 1.0000 1.0000 1.0000
1.0000 1.0000 1.0000 1.0000 1.0000 1.0000 1.0000
1.0000 1.0000 1.0000 1.0000 0.8571 1.0000 0.8571 0.8571
1.0000 1.0000 1.0000 0.8571 1.0000 1.0000 1.0000
1.0000 1.0000 0.7143 1.0000 0.8571 1.0000 1.0000
1.0000 0.8571 1.0000 0.7143 1.0000 1.0000 1.0000
1.0000 1.0000 0.5714 1.0000 1.0000 1.0000 1.0000
1.0000 1.0000 0.7143 1.0000 1.0000 1.0000 0.8571
1.0000 1.0000 1.0000 1.0000 1.0000 0.7143 0.8571
1.0000 1.0000 1.0000 1.0000 1.0000 0.8571 1.0000
1.0000 1.0000 0.8571 1.0000 1.0000 1.0000 1.0000
1.0000 1.0000 1.0000 1.0000 1.0000 1.0000 1.0000
1.0000 1.0000 1.0000 1.0000 1.0000 0.8571 1.0000
1.0000 1.0000 1.0000 1.0000 1.0000 1.0000 1.0000
1.0000 1.0000 0.8571 1.0000 1.0000 1.0000 1.0000
1.0000 1.0000 0.8571 1.0000 1.0000 1.0000 0.8571
1.0000 0.8571 1.0000 1.0000 1.0000 0.8571 1.0000
1.0000 1.0000 1.0000 1.0000 1.0000 0.8571 1.0000
1.0000 1.0000 0.7143 1.0000 1.0000 1.0000 1.0000
0.8571 1.0000 0.8571 1.0000 0.8571 1.0000 1.0000 1.0000
1.0000 1.0000 1.0000 1.0000 1.0000 1.0000 0.7143
1.0000 1.0000 1.0000 1.0000 0.8571 0.8571 1.0000
1.0000 1.0000 1.0000 1.0000 1.0000 0.8571 1.0000
1.0000 1.0000 1.0000 1.0000 1.0000 0.8571 1.0000 0.8571
1.0000 1.0000 1.0000 1.0000 1.0000 0.8571 0.8571
0.8571 0.8571 1.0000 0.5714 0.8571 1.0000 1.0000
1.0000 0.8571 1.0000 1.0000 0.8571 1.0000 1.0000
1.0000 1.0000 1.0000 1.0000 1.0000 0.7143 1.0000
1.0000 1.0000 1.0000 1.0000 1.0000 1.0000 1.0000
1.0000 1.0000 1.0000 1.0000 0.8571 1.0000 1.0000
1.0000 1.0000 1.0000 1.0000 1.0000 0.8571 1.0000
1.0000 0.8571 0.8571 1.0000 1.0000 1.0000 1.0000
0.8571 0.5714 1.0000 0.8571 1.0000 1.0000 1.0000
1.0000 1.0000 1.0000 1.0000 0.8571 1.0000 1.0000
1.0000 1.0000 1.0000 1.0000 1.0000 0.8571 1.0000
1.0000 1.0000 1.0000 1.0000 1.0000 1.0000 1.0000
1.0000 1.0000 1.0000 1.0000 1.0000 1.0000 1.0000
1.0000 1.0000 1.0000 1.0000 0.5714 0.8571 1.0000
1.0000 1.0000 1.0000 1.0000 1.0000 1.0000 1.0000
1.0000 1.0000 1.0000 1.0000 1.0000 1.0000 1.0000
0.8571 1.0000 1.0000 1.0000 0.8571 1.0000 1.0000 1.0000
1.0000 1.0000 1.0000 0.8571 0.8571 0.8571 1.0000
0.8571 1.0000 1.0000 1.0000 0.8571 1.0000 0.7143
1.0000 1.0000 1.0000 1.0000 1.0000 1.0000 1.0000
1.0000 1.0000 1.0000 1.0000 1.0000 1.0000 1.0000
1.0000 1.0000 1.0000 1.0000 1.0000 1.0000 1.0000
1.0000 0.8571 1.0000 1.0000 1.0000 1.0000 0.8571
1.0000 1.0000 1.0000 1.0000 1.0000 1.0000 1.0000
1.0000 1.0000 1.0000 1.0000 1.0000 1.0000 1.0000
1.0000 0.8571 1.0000 1.0000 0.8571 1.0000 1.0000 1.0000
1.0000 1.0000 1.0000 0.8571 1.0000 1.0000 1.0000 1.0000
1.0000 1.0000 1.0000 1.0000 1.0000 1.0000 1.0000 1.0000
1.0000 1.0000 1.0000 0.8571 0.8571 1.0000 1.0000 1.0000
0.8571 0.8571 1.0000 1.0000 1.0000 1.0000 1.0000 0.8571
1.0000 1.0000 1.0000 1.0000 1.0000 0.8571 1.0000
1.0000 1.0000 1.0000 0.8571 0.8571 0.8571 0.8571
0.8571 1.0000 1.0000 1.0000 1.0000 1.0000 1.0000
0.8571 0.8571 0.8571 1.0000 0.8571 0.8571 1.0000
1.0000 1.0000 0.8571 0.8571 1.0000 1.0000 1.0000
1.0000 1.0000 1.0000 1.0000 1.0000 1.0000 1.0000
1.0000 1.0000 1.0000 1.0000 1.0000 1.0000 0.8571
1.0000 1.0000 1.0000 1.0000 1.0000 1.0000 1.0000
1.0000 1.0000 1.0000 1.0000 1.0000 0.8571 1.0000
1.0000 1.0000 1.0000 1.0000 1.0000 1.0000 1.0000
0.7143 1.0000 1.0000 1.0000 1.0000 1.0000 1.0000
0.8571 1.0000 1.0000 0.8571 1.0000 1.0000 1.0000
1.0000 1.0000 0.8571 1.0000 1.0000 1.0000 0.8571
1.0000 1.0000 1.0000 1.0000 1.0000 1.0000 1.0000
1.0000 1.0000 1.0000 1.0000 1.0000 0.8571 1.0000
1.0000 0.8571 1.0000 1.0000 0.8571 1.0000 1.0000 1.0000
0.8571 0.8571 1.0000 1.0000 1.0000 1.0000 1.0000 1.0000
0.8571 1.0000 1.0000 1.0000 1.0000 1.0000 1.0000 1.0000
1.0000 1.0000 1.0000 1.0000 1.0000 1.0000 1.0000 0.7143
1.0000 1.0000 1.0000 1.0000 1.0000 1.0000 1.0000 1.0000
0.7143 1.0000 1.0000 1.0000 1.0000 1.0000 1.0000
1.0000 1.0000 0.8571 1.0000 1.0000 1.0000 0.8571
1.0000 1.0000 1.0000 1.0000 1.0000 1.0000 0.8571
1.0000 1.0000 1.0000 0.8571 0.7143 1.0000 1.0000
1.0000 1.0000 1.0000 0.8571 1.0000 1.0000 1.0000
1.0000 1.0000 1.0000 1.0000 0.7143 1.0000 1.0000 1.0000
1.0000 1.0000 1.0000 1.0000 1.0000 1.0000 1.0000 0.8571
1.0000 1.0000 0.8571 1.0000 1.0000 1.0000 0.7143 1.0000
0.7143 1.0000 1.0000 1.0000 1.0000 1.0000 1.0000 1.0000
1.0000 1.0000 1.0000 1.0000 1.0000 1.0000 1.0000 1.0000
1.0000 1.0000 0.8571 1.0000 1.0000 1.0000 1.0000
1.0000 1.0000 0.8571 0.8571 1.0000 1.0000 1.0000
1.0000 0.8571 0.8571 1.0000 1.0000 1.0000 0.8571
0.8571 1.0000 0.8571 0.8571 1.0000 1.0000 0.8571
1.0000 0.7143 0.8571 1.0000 1.0000 1.0000 1.0000
0.8571 1.0000 1.0000 1.0000 0.8571 0.8571 0.7143
0.8571 1.0000 1.0000 1.0000 1.0000 0.8571 0.7143
1.0000 1.0000 1.0000 1.0000 1.0000 0.8571 0.8571
1.0000 1.0000 0.7143 0.8571 1.0000 1.0000 1.0000
1.0000 1.0000 0.8571 1.0000 1.0000 1.0000 1.0000
0.8571 0.8571 1.0000 1.0000 1.0000 1.0000 1.0000 1.0000
1.0000 1.0000 1.0000 1.0000 1.0000 1.0000 1.0000
1.0000 1.0000 1.0000 1.0000 1.0000 1.0000 0.7143
1.0000 1.0000 0.5714 0.8571 1.0000 1.0000 1.0000
0.8571 0.8571 1.0000 0.8571 1.0000 1.0000 0.8571 1.0000
1.0000 1.0000 1.0000 0.8571 1.0000 1.0000 0.7143
1.0000 1.0000 1.0000 1.0000 1.0000 1.0000 1.0000
0.8571 1.0000 1.0000 1.0000 1.0000 1.0000 1.0000
1.0000 1.0000 1.0000 0.7143 1.0000 1.0000 0.8571
1.0000 0.8571 1.0000 0.4286 1.0000 1.0000 1.0000
0.8571 1.0000 1.0000 0.8571 1.0000 1.0000 1.0000
1.0000 1.0000 1.0000 1.0000 1.0000 1.0000 1.0000
1.0000 1.0000 1.0000 1.0000 1.0000 1.0000 1.0000
1.0000 1.0000 1.0000 0.7143 1.0000 1.0000 1.0000
1.0000 1.0000 1.0000 1.0000 1.0000 1.0000 1.0000
1.0000 1.0000 1.0000 0.8571 1.0000 0.8571 1.0000
1.0000 0.8571 0.8571 0.8571 0.8571 1.0000 1.0000
1.0000 1.0000 1.0000 1.0000 0.8571 1.0000 1.0000
1.0000 1.0000 1.0000 1.0000 1.0000 1.0000 1.0000
1.0000 0.8571 1.0000 1.0000 1.0000 0.8571 1.0000
1.0000 1.0000 1.0000 1.0000 0.8571 1.0000 1.0000
1.0000 1.0000 1.0000 1.0000 1.0000 1.0000 0.8571 1.0000
1.0000 1.0000 1.0000 1.0000 1.0000 1.0000 0.8571
1.0000 1.0000 1.0000 1.0000 1.0000 1.0000 1.0000
1.0000 1.0000 1.0000 1.0000 1.0000 1.0000 1.0000
0.8571 1.0000 1.0000 1.0000 1.0000 1.0000 1.0000
1.0000 1.0000 1.0000 1.0000 0.8571 0.8571 1.0000
1.0000 0.8571 1.0000 1.0000 1.0000 1.0000 1.0000
1.0000 1.0000 1.0000 1.0000 1.0000 1.0000 1.0000
1.0000 1.0000 1.0000 1.0000 1.0000 1.0000 1.0000
1.0000 1.0000 1.0000 1.0000 0.8571 1.0000 1.0000
1.0000 1.0000 1.0000 1.0000 1.0000 1.0000 1.0000
1.0000 1.0000 1.0000 1.0000 1.0000 0.8571 1.0000
1.0000 1.0000 1.0000 1.0000 1.0000 1.0000 1.0000 1.0000
1.0000 1.0000 1.0000 1.0000 0.8571 1.0000 1.0000
0.7143 1.0000 0.8571 1.0000 1.0000 1.0000 1.0000 1.0000
0.7143 0.8571 1.0000 1.0000 1.0000 1.0000 0.8571 1.0000
1.0000 1.0000 1.0000 1.0000 1.0000 0.8571 1.0000 0.8571
0.8571 0.8571 1.0000 1.0000 0.8571 1.0000 1.0000 1.0000
1.0000 0.8571 1.0000 1.0000 1.0000 1.0000 0.8571 1.0000
1.0000 0.8571 0.8571 0.8571 1.0000 1.0000 0.7143
1.0000 1.0000 0.8571 1.0000 0.8571 1.0000 1.0000
1.0000 1.0000 1.0000 1.0000 1.0000 0.8571 0.8571
0.8571 0.7143 0.7143 0.8571 1.0000 1.0000 1.0000
1.0000 1.0000 1.0000 1.0000 0.7143 0.8571 1.0000
1.0000 0.8571 1.0000 1.0000 1.0000 1.0000 1.0000 0.7143
1.0000 1.0000 1.0000 0.5714 1.0000 1.0000 0.8571
1.0000 1.0000 1.0000 1.0000 1.0000 0.8571 1.0000
1.0000 0.7143 1.0000 1.0000 0.8571 1.0000 0.7143 1.0000
0.7143 1.0000 1.0000 0.8571 1.0000 1.0000 1.0000 1.0000
1.0000 1.0000 1.0000 1.0000 1.0000 1.0000 1.0000
1.0000 1.0000 1.0000 1.0000 1.0000 1.0000 1.0000
0.7143 1.0000 1.0000 1.0000 1.0000 0.7143 0.8571
1.0000 1.0000 1.0000 1.0000 1.0000 0.7143 0.8571
1.0000 1.0000 1.0000 1.0000 1.0000 1.0000 1.0000 1.0000
1.0000 0.8571 0.8571 1.0000 0.8571 1.0000 0.7143
1.0000 1.0000 1.0000 0.8571 1.0000 1.0000 1.0000
1.0000 0.8571 0.8571 1.0000 1.0000 1.0000 1.0000
1.0000 1.0000 0.8571 1.0000 1.0000 1.0000 1.0000
1.0000 1.0000 0.8571 1.0000 1.0000 1.0000 1.0000
1.0000 1.0000 1.0000 1.0000 1.0000 0.8571 1.0000
1.0000 1.0000 1.0000 1.0000 1.0000 1.0000 1.0000
1.0000 1.0000 1.0000 1.0000 0.8571 1.0000 1.0000
1.0000 1.0000 0.8571 0.8571 0.8571 1.0000 1.0000
0.8571 0.7143 1.0000 1.0000 0.8571 1.0000 0.8571
1.0000 1.0000 1.0000 0.4286 1.0000 0.8571 1.0000
1.0000 1.0000 1.0000 1.0000 1.0000 1.0000 1.0000
1.0000 1.0000 1.0000 0.8571 1.0000 0.8571 0.8571
0.8571 1.0000 1.0000 1.0000 1.0000 1.0000 1.0000
1.0000 1.0000 1.0000 1.0000 1.0000 1.0000 0.8571
1.0000 1.0000 1.0000 1.0000 0.7143 1.0000 1.0000
1.0000 0.8571 0.8571 0.8571 1.0000 1.0000 1.0000 1.0000
1.0000 1.0000 1.0000 1.0000 0.8571 1.0000 1.0000
0.7143 1.0000 1.0000 1.0000 1.0000 1.0000 1.0000 1.0000
1.0000 1.0000 1.0000 0.7143 1.0000 1.0000 1.0000
1.0000 1.0000 1.0000 0.7143 1.0000 1.0000 0.7143
1.0000 0.8571 0.8571 0.7143 1.0000 1.0000 1.0000 1.0000
1.0000 1.0000 1.0000 0.7143 1.0000 1.0000 1.0000 1.0000
1.0000 0.7143 1.0000 1.0000 0.7143 1.0000 1.0000 0.8571
1.0000 1.0000 0.7143 0.8571 1.0000 0.8571 1.0000 1.0000
1.0000 1.0000 1.0000 1.0000 1.0000 1.0000 1.0000
1.0000 1.0000 1.0000 1.0000 0.7143 1.0000 1.0000
1.0000 1.0000 1.0000 1.0000 1.0000 1.0000 1.0000
1.0000 0.8571 1.0000 1.0000 0.8571 1.0000 1.0000
1.0000 1.0000 1.0000 1.0000 1.0000 0.8571 1.0000
1.0000 1.0000 1.0000 1.0000 1.0000 1.0000 1.0000
1.0000 1.0000 1.0000 1.0000 1.0000 1.0000 1.0000
1.0000 1.0000 1.0000 1.0000 1.0000 1.0000 0.7143
1.0000 1.0000 1.0000 1.0000 1.0000 1.0000 1.0000
1.0000 0.8571 1.0000 1.0000 1.0000 0.7143 1.0000
1.0000 1.0000 1.0000 1.0000 1.0000 0.8571 0.8571
1.0000 1.0000 1.0000 0.8571 1.0000 1.0000 1.0000
1.0000 1.0000 1.0000 1.0000 1.0000 1.0000 1.0000
1.0000 1.0000 1.0000 1.0000 1.0000 1.0000 1.0000
1.0000 0.8571 1.0000 0.8571 0.8571 1.0000 1.0000
1.0000 1.0000 1.0000 1.0000 1.0000 1.0000 0.8571
1.0000 1.0000 1.0000 1.0000 1.0000 1.0000 0.8571
0.7143 0.7143 1.0000 1.0000 1.0000 1.0000 1.0000 1.0000
0.5714 1.0000 1.0000 1.0000 1.0000 1.0000 1.0000
0.8571 1.0000 1.0000 1.0000 0.8571 1.0000 1.0000 1.0000
1.0000 0.8571 1.0000 1.0000 1.0000 0.8571 1.0000
1.0000 0.5714 1.0000 1.0000 1.0000 1.0000 1.0000
0.8571 1.0000 1.0000 1.0000 1.0000 1.0000 1.0000
1.0000 0.8571 1.0000 1.0000 0.8571 1.0000 1.0000
0.8571 0.8571 1.0000 1.0000 1.0000 1.0000 1.0000
1.0000 1.0000 1.0000 1.0000 0.7143 1.0000 1.0000
1.0000 1.0000 0.8571 0.7143 1.0000 1.0000 1.0000
1.0000 1.0000 1.0000 0.8571 1.0000 0.8571 1.0000
1.0000 1.0000 0.8571 1.0000 1.0000 1.0000 0.5714
1.0000 1.0000 1.0000 0.8571 1.0000 0.8571 1.0000
1.0000 1.0000 1.0000 1.0000 1.0000 1.0000 0.8571
1.0000 1.0000 1.0000 0.8571 0.7143 1.0000 1.0000
1.0000 1.0000 1.0000 1.0000 1.0000 0.7143 0.8571
1.0000 1.0000 1.0000 1.0000 1.0000 1.0000 1.0000
1.0000 1.0000 1.0000 1.0000 1.0000 1.0000 1.0000
1.0000 1.0000 1.0000 0.8571 0.8571 1.0000 0.8571 1.0000
1.0000 1.0000 1.0000 1.0000 1.0000 1.0000 1.0000
1.0000 1.0000 1.0000 1.0000 0.7143 1.0000 1.0000 0.8571
1.0000 1.0000 1.0000 1.0000 0.8571 0.8571 1.0000 1.0000
0.8571 1.0000 1.0000 1.0000 1.0000 1.0000 0.8571 0.7143
1.0000 1.0000 1.0000 1.0000 0.8571 0.8571 0.8571
1.0000 1.0000 1.0000 1.0000 0.7143 1.0000 0.8571
1.0000 1.0000 1.0000 1.0000 1.0000 0.8571 1.0000
1.0000 1.0000 1.0000 1.0000 1.0000 1.0000 1.0000
0.8571 1.0000 1.0000 1.0000 1.0000 1.0000 1.0000
1.0000 1.0000 0.8571 1.0000 1.0000 1.0000 0.8571
1.0000 1.0000 1.0000 1.0000 1.0000 0.7143 1.0000
1.0000 1.0000 1.0000 0.7143 0.8571 0.8571 1.0000
1.0000 1.0000 0.8571 0.7143 1.0000 1.0000 1.0000
1.0000 0.8571 0.8571 0.8571 0.8571 0.8571 1.0000
1.0000 1.0000 0.5714 0.7143 1.0000 0.8571 0.8571
1.0000 1.0000 1.0000 0.7143 1.0000 1.0000 0.7143
1.0000 1.0000 1.0000 0.8571 1.0000 1.0000 0.7143
1.0000 1.0000 1.0000 1.0000 1.0000 0.8571 0.8571
1.0000 1.0000 0.8571 1.0000 1.0000 1.0000 0.7143
1.0000 1.0000 1.0000 1.0000 1.0000 1.0000 1.0000
1.0000 1.0000 0.8571 1.0000 0.8571 0.8571 0.8571
1.0000 1.0000 1.0000 1.0000 1.0000 0.8571 1.0000
1.0000 0.8571 0.8571 1.0000 0.8571 1.0000 0.8571 1.0000
1.0000 1.0000 1.0000 0.7143 1.0000 1.0000 1.0000
1.0000 1.0000 0.8571 1.0000 1.0000 1.0000 1.0000
1.0000 0.8571 1.0000 0.8571 1.0000 1.0000 1.0000 1.0000
0.8571 1.0000 1.0000 1.0000 1.0000 1.0000 1.0000 0.8571
0.7143 0.8571 0.8571 1.0000 1.0000 1.0000 1.0000 1.0000
0.8571 1.0000 1.0000 1.0000 0.8571 1.0000 0.8571 1.0000
1.0000 1.0000 0.8571 0.8571 1.0000 1.0000 0.7143
1.0000 1.0000 0.8571 1.0000 1.0000 1.0000 0.8571
1.0000 0.7143 0.8571 0.8571 0.8571 1.0000 1.0000
1.0000 1.0000 0.8571 0.8571 0.7143 0.8571 1.0000
1.0000 0.8571 1.0000 1.0000 1.0000 0.8571 0.8571
1.0000 1.0000 1.0000 1.0000 1.0000 1.0000 1.0000
1.0000 1.0000 1.0000 1.0000 1.0000 0.8571 1.0000
1.0000 1.0000 0.8571 0.8571 1.0000 1.0000 1.0000
1.0000 1.0000 1.0000 1.0000 1.0000 1.0000 1.0000
1.0000 1.0000 1.0000 1.0000 1.0000 0.8571 0.8571
1.0000 1.0000 1.0000 0.8571 1.0000 0.7143 1.0000
0.8571 1.0000 1.0000 1.0000 0.8571 1.0000 1.0000
1.0000 1.0000 1.0000 1.0000 1.0000 1.0000 1.0000
1.0000 1.0000 1.0000 1.0000 1.0000 1.0000 1.0000
1.0000 1.0000 1.0000 1.0000 1.0000 1.0000 1.0000
1.0000 0.8571 0.8571 1.0000 1.0000 1.0000 1.0000 0.8571
0.7143 1.0000 1.0000 0.7143 1.0000 1.0000 0.8571
1.0000 1.0000 1.0000 1.0000 0.8571 1.0000 1.0000
0.8571 1.0000 1.0000 0.8571 1.0000 1.0000 1.0000 1.0000
1.0000 1.0000 1.0000 1.0000 0.8571 1.0000 1.0000
1.0000 1.0000 1.0000 0.8571 0.7143 1.0000 1.0000
1.0000 1.0000 0.8571 1.0000 1.0000 1.0000 1.0000
1.0000 1.0000 1.0000 0.8571 1.0000 1.0000 1.0000
1.0000 1.0000 1.0000 0.8571 1.0000 1.0000 1.0000
1.0000 1.0000 0.8571 1.0000 1.0000 1.0000 0.8571
1.0000 1.0000 1.0000 1.0000 0.8571 1.0000 1.0000
1.0000 1.0000 0.8571 1.0000 1.0000 1.0000 0.8571
1.0000 1.0000 1.0000 1.0000 1.0000 1.0000 1.0000
1.0000 1.0000 1.0000 1.0000 1.0000 1.0000 1.0000
1.0000 0.8571 1.0000 0.8571 0.8571 0.8571 1.0000
1.0000 1.0000 1.0000 1.0000 1.0000 1.0000 1.0000
1.0000 0.8571 1.0000 1.0000 1.0000 1.0000 1.0000
1.0000 1.0000 1.0000 1.0000 1.0000 1.0000 1.0000
1.0000 1.0000 1.0000 0.8571 1.0000 1.0000 0.8571
1.0000 1.0000 1.0000 1.0000 1.0000 1.0000 1.0000
0.7143 1.0000 1.0000 0.8571 1.0000 0.8571 0.7143 1.0000
1.0000 0.7143 1.0000 1.0000 1.0000 0.8571 0.8571 1.0000
0.7143 1.0000 1.0000 1.0000 1.0000 1.0000 0.8571 1.0000
1.0000 1.0000 1.0000 0.8571 1.0000 1.0000 1.0000 0.8571
1.0000 0.8571 1.0000 1.0000 0.8571 1.0000 1.0000 0.7143
1.0000 1.0000 1.0000 0.5714 1.0000 1.0000 0.7143
1.0000 1.0000 1.0000 0.8571 1.0000 1.0000 1.0000
1.0000 1.0000 1.0000 0.8571 1.0000 0.8571 1.0000
1.0000 1.0000 1.0000 1.0000 0.7143 1.0000 0.7143
1.0000 0.7143 1.0000 0.7143 1.0000 1.0000 0.8571
1.0000 1.0000 1.0000 1.0000 1.0000 1.0000 1.0000
1.0000 1.0000 1.0000 1.0000 0.8571 1.0000 1.0000
1.0000 1.0000 1.0000 0.8571 1.0000 1.0000 0.8571
1.0000 1.0000 1.0000 1.0000 1.0000 1.0000 1.0000
1.0000 1.0000 1.0000 1.0000 0.8571 0.8571 1.0000
1.0000 1.0000 1.0000 0.8571 0.8571 0.8571 0.8571
0.8571 1.0000 1.0000 0.8571 1.0000 1.0000 0.8571
1.0000 1.0000 0.8571 0.8571 1.0000 0.8571 1.0000
1.0000 0.7143 1.0000 0.7143 1.0000 1.0000 0.8571
1.0000 1.0000 1.0000 0.5714 1.0000 1.0000 1.0000
1.0000 1.0000 1.0000 1.0000 1.0000 1.0000 0.8571 0.8571
0.7143 1.0000 1.0000 1.0000 1.0000 1.0000 1.0000 1.0000
0.8571 1.0000 1.0000 1.0000 1.0000 1.0000 1.0000 0.8571
0.8571 1.0000 1.0000 0.8571 1.0000 1.0000 0.8571 1.0000
1.0000 1.0000 1.0000 1.0000 1.0000 0.8571 1.0000 1.0000
1.0000 1.0000 1.0000 1.0000 1.0000 1.0000 1.0000
1.0000 1.0000 1.0000 1.0000 1.0000 1.0000 1.0000
1.0000 1.0000 0.8571 0.7143 0.8571 1.0000 0.8571
0.8571 1.0000 1.0000 1.0000 1.0000 1.0000 1.0000
1.0000 1.0000 1.0000 1.0000 0.8571 1.0000 1.0000
1.0000 1.0000 0.7143 1.0000 1.0000 1.0000 1.0000
1.0000 1.0000 1.0000 0.8571 1.0000 1.0000 1.0000
1.0000 1.0000 0.8571 1.0000 1.0000 1.0000 0.8571
1.0000 0.8571 1.0000 1.0000 1.0000 1.0000 0.7143
1.0000 0.7143 0.8571 1.0000 1.0000 1.0000 1.0000
1.0000 1.0000 0.8571 1.0000 1.0000 0.8571 1.0000
1.0000 1.0000 0.8571 0.8571 0.8571 0.8571 1.0000
1.0000 1.0000 1.0000 1.0000 1.0000 1.0000 1.0000
1.0000 1.0000 1.0000 1.0000 1.0000 1.0000 0.8571
1.0000 1.0000 1.0000 1.0000 1.0000 0.7143 1.0000
1.0000 1.0000 1.0000 1.0000 0.7143 0.8571 1.0000
1.0000 0.8571 1.0000 1.0000 1.0000 1.0000 1.0000
1.0000 0.8571 1.0000 1.0000 1.0000 1.0000 0.8571
1.0000 1.0000 0.8571 0.8571 1.0000 0.7143 0.7143
1.0000 0.8571 1.0000 0.8571 1.0000 0.7143 1.0000
0.7143 1.0000 1.0000 1.0000 0.8571 1.0000 0.8571 1.0000
1.0000 1.0000 1.0000 0.8571 1.0000 1.0000 1.0000
0.8571 1.0000 1.0000 1.0000 1.0000 0.8571 0.7143
0.5714 0.8571 1.0000 1.0000 1.0000 0.8571 1.0000
0.8571 1.0000 1.0000 1.0000 0.8571 1.0000 1.0000 1.0000
1.0000 1.0000 1.0000 1.0000 1.0000 1.0000 0.8571
0.8571 0.8571 1.0000 1.0000 1.0000 1.0000 1.0000 1.0000
0.8571 1.0000 1.0000 1.0000 1.0000 1.0000 1.0000 1.0000
1.0000 1.0000 1.0000 1.0000 1.0000 1.0000 1.0000
1.0000 0.8571 1.0000 1.0000 0.8571 1.0000 1.0000 1.0000
0.8571 1.0000 0.8571 1.0000 1.0000 0.8571 1.0000 0.8571
0.8571 1.0000 1.0000 1.0000 0.8571 1.0000 1.0000
1.0000 1.0000 1.0000 1.0000 0.8571 1.0000 1.0000
1.0000 1.0000 1.0000 1.0000 1.0000 1.0000 1.0000
1.0000 0.5714 1.0000 1.0000 1.0000 1.0000 1.0000 1.0000
1.0000 1.0000 1.0000 1.0000 1.0000 1.0000 1.0000
0.8571 0.8571 0.5714 0.7143 1.0000 1.0000 1.0000
1.0000 1.0000 1.0000 1.0000 1.0000 1.0000 1.0000
1.0000 1.0000 1.0000 1.0000 1.0000 1.0000 1.0000
1.0000 1.0000 1.0000 0.7143 0.8571 0.8571 1.0000
1.0000 1.0000 1.0000 1.0000 1.0000 1.0000 1.0000 0.8571
0.8571 1.0000 1.0000 1.0000 0.8571 1.0000 0.8571 1.0000
1.0000 0.8571 1.0000 1.0000 1.0000 0.8571 1.0000 1.0000
1.0000 1.0000 1.0000 1.0000 1.0000 1.0000 1.0000 1.0000
1.0000 1.0000 1.0000 1.0000 1.0000 1.0000 1.0000 1.0000
1.0000 1.0000 1.0000 1.0000 1.0000 1.0000 1.0000
0.8571 1.0000 1.0000 1.0000 1.0000 0.8571 1.0000
1.0000 1.0000 1.0000 1.0000 1.0000 1.0000 1.0000
1.0000 1.0000 1.0000 0.8571 1.0000 1.0000 1.0000
1.0000 1.0000 1.0000 0.8571 1.0000 0.8571 0.8571
1.0000 1.0000 1.0000 0.8571 0.7143 0.7143 1.0000
0.8571 1.0000 0.8571 1.0000 1.0000 1.0000 0.8571
1.0000 0.8571 1.0000 1.0000 1.0000 1.0000 1.0000
1.0000 1.0000 0.8571 0.7143 1.0000 1.0000 1.0000
1.0000 1.0000 1.0000 1.0000 1.0000 1.0000 1.0000
0.8571 1.0000 1.0000 1.0000 0.8571 1.0000 1.0000 1.0000
1.0000 1.0000 1.0000 1.0000 1.0000 1.0000 1.0000 1.0000
1.0000 1.0000 1.0000 1.0000 0.8571 0.8571 1.0000 1.0000
1.0000 1.0000 1.0000 1.0000 1.0000 1.0000 0.8571 1.0000
1.0000 1.0000 1.0000 1.0000 1.0000 0.7143 1.0000 1.0000
1.0000 0.8571 0.7143 0.8571 0.8571 0.8571 1.0000
1.0000 1.0000 1.0000 0.8571 0.8571 0.8571 0.8571
1.0000 1.0000 0.8571 1.0000 1.0000 1.0000 0.5714
1.0000 1.0000 0.8571 0.7143 1.0000 1.0000 0.7143
1.0000 1.0000 1.0000 1.0000 0.8571 1.0000 1.0000
1.0000 1.0000 1.0000 1.0000 1.0000 1.0000 1.0000 1.0000
1.0000 1.0000 1.0000 1.0000 1.0000 1.0000 1.0000 1.0000
1.0000 1.0000 1.0000 1.0000 1.0000 1.0000 1.0000 1.0000
1.0000 1.0000 1.0000 1.0000 1.0000 1.0000 1.0000 1.0000
1.0000 1.0000 1.0000 1.0000 1.0000 1.0000 1.0000 1.0000
1.0000 1.0000 1.0000 1.0000 1.0000 1.0000 0.8571
1.0000 1.0000 1.0000 1.0000 1.0000 1.0000 1.0000
0.8571 1.0000 1.0000 0.7143 1.0000 1.0000 1.0000
1.0000 1.0000 1.0000 1.0000 1.0000 0.8571 1.0000
1.0000 1.0000 1.0000 1.0000 0.8571 1.0000 1.0000
0.7143 1.0000 1.0000 1.0000 1.0000 1.0000 1.0000 0.8571
1.0000 1.0000 1.0000 1.0000 1.0000 1.0000 1.0000 0.7143
0.8571 0.8571 1.0000 1.0000 0.8571 1.0000 1.0000 1.0000
1.0000 1.0000 1.0000 1.0000 1.0000 1.0000 0.7143 1.0000
1.0000 1.0000 1.0000 1.0000 1.0000 1.0000 1.0000 1.0000
1.0000 1.0000 1.0000 1.0000 1.0000 1.0000 1.0000
1.0000 1.0000 0.8571 1.0000 1.0000 1.0000 1.0000
1.0000 0.8571 1.0000 1.0000 1.0000 1.0000 1.0000
1.0000 1.0000 1.0000 1.0000 1.0000 1.0000 1.0000
1.0000 0.8571 0.8571 1.0000 0.8571 0.8571 0.8571
1.0000 1.0000 1.0000 1.0000 1.0000 1.0000 1.0000
1.0000 1.0000 1.0000 1.0000 0.4286 1.0000 0.7143
1.0000 1.0000 1.0000 1.0000 1.0000 1.0000 1.0000
0.8571 1.0000 1.0000 1.0000 1.0000 1.0000 1.0000
1.0000 1.0000 0.8571 1.0000 1.0000 1.0000 1.0000
1.0000 1.0000 1.0000 1.0000 1.0000 0.8571 1.0000
1.0000 1.0000 1.0000 1.0000 1.0000 1.0000 0.7143
1.0000 1.0000 1.0000 1.0000 1.0000 1.0000 1.0000
0.8571 1.0000 1.0000 1.0000 1.0000 1.0000 1.0000
1.0000 0.8571 0.7143 0.8571 1.0000 1.0000 0.7143
0.7143 1.0000 1.0000 1.0000 0.8571 0.8571 1.0000 0.8571
1.0000 1.0000 1.0000 1.0000 1.0000 0.8571 1.0000
0.7143 1.0000 1.0000 1.0000 1.0000 0.8571 1.0000 0.8571
1.0000 1.0000 1.0000 1.0000 1.0000 1.0000 1.0000
1.0000 1.0000 1.0000 1.0000 0.8571 0.8571 1.0000
0.8571 1.0000 1.0000 1.0000 1.0000 1.0000 0.8571
1.0000 1.0000 1.0000 1.0000 1.0000 1.0000 0.8571
1.0000 1.0000 1.0000 0.8571 1.0000 0.8571 1.0000
1.0000 1.0000 1.0000 0.8571 0.8571 1.0000 1.0000
1.0000 1.0000 1.0000 1.0000 1.0000 0.8571 1.0000
1.0000 1.0000 1.0000 1.0000 1.0000 1.0000 1.0000
1.0000 1.0000 0.8571 0.8571 1.0000 1.0000 1.0000 1.0000
0.5714 1.0000 1.0000 1.0000 1.0000 1.0000 1.0000 0.8571
1.0000 1.0000 1.0000 1.0000 1.0000 1.0000 1.0000
1.0000 1.0000 1.0000 1.0000 1.0000 1.0000 1.0000
1.0000 1.0000 1.0000 1.0000 1.0000 1.0000 1.0000 1.0000
1.0000 1.0000 1.0000 1.0000 1.0000 1.0000 1.0000
0.8571 1.0000 1.0000 1.0000 1.0000 0.8571 1.0000 0.8571
1.0000 1.0000 1.0000 1.0000 0.8571 1.0000 0.8571 0.8571
0.8571 1.0000 1.0000 0.8571 0.7143 1.0000 0.8571 1.0000
1.0000 1.0000 0.8571 1.0000 1.0000 1.0000 1.0000
1.0000 1.0000 1.0000 1.0000 1.0000 0.8571 0.8571
1.0000 1.0000 0.8571 0.8571 1.0000 1.0000 0.8571
1.0000 1.0000 1.0000 1.0000 1.0000 0.7143 1.0000
1.0000 0.8571 1.0000 1.0000 1.0000 0.8571 0.7143
1.0000 1.0000 0.8571 1.0000 0.5714 1.0000 1.0000
1.0000 1.0000 1.0000 1.0000 1.0000 1.0000 0.8571
1.0000 1.0000 1.0000 1.0000 0.8571 1.0000 0.8571
1.0000 1.0000 1.0000 1.0000 1.0000 1.0000 0.8571
1.0000 1.0000 1.0000 1.0000 1.0000 1.0000 1.0000
1.0000 1.0000 1.0000 0.8571 1.0000 1.0000 1.0000
1.0000 1.0000 1.0000 0.8571 1.0000 1.0000 1.0000
1.0000 1.0000 1.0000 1.0000 0.7143 1.0000 1.0000
1.0000 1.0000 1.0000 1.0000 0.8571 1.0000 0.8571
1.0000 1.0000 1.0000 1.0000 0.7143 1.0000 1.0000
1.0000 1.0000 1.0000 0.8571 1.0000 1.0000 1.0000
1.0000 1.0000 1.0000 0.8571 1.0000 1.0000 0.8571
0.8571 1.0000 1.0000 1.0000 1.0000 1.0000 1.0000
1.0000 1.0000 1.0000 0.8571 1.0000 1.0000 1.0000
1.0000 1.0000 1.0000 0.8571 1.0000 1.0000 1.0000
1.0000 1.0000 1.0000 0.8571 1.0000 0.8571 1.0000
1.0000 1.0000 1.0000 0.8571 1.0000 1.0000 1.0000
1.0000 1.0000 1.0000 0.7143 1.0000 1.0000 1.0000
1.0000 0.8571 1.0000 1.0000 0.8571 1.0000 1.0000
1.0000 1.0000 1.0000 0.7143 1.0000 0.8571 1.0000
1.0000 1.0000 1.0000 1.0000 1.0000 1.0000 0.8571
1.0000 1.0000 1.0000 1.0000 0.7143 0.8571 0.8571
1.0000 1.0000 1.0000 1.0000 0.8571 1.0000 1.0000
0.8571 0.8571 1.0000 1.0000 1.0000 0.8571 1.0000 1.0000
1.0000 1.0000 1.0000 1.0000 1.0000 1.0000 1.0000
1.0000 1.0000 1.0000 1.0000 1.0000 1.0000 1.0000 1.0000
1.0000 1.0000 1.0000 1.0000 1.0000 1.0000 1.0000
1.0000 1.0000 1.0000 1.0000 1.0000 1.0000 1.0000
1.0000 1.0000 1.0000 1.0000 1.0000 1.0000 1.0000
1.0000 1.0000 1.0000 1.0000 1.0000 1.0000 0.7143
1.0000 0.8571 0.8571 1.0000 1.0000 1.0000 1.0000
1.0000 0.8571 0.7143 1.0000 0.8571 1.0000 1.0000
1.0000 1.0000 1.0000 1.0000 1.0000 1.0000 0.8571
1.0000 1.0000 0.7143 1.0000 1.0000 0.8571 0.8571
1.0000 0.8571 1.0000 1.0000 1.0000 1.0000 1.0000
0.8571 1.0000 1.0000 1.0000 1.0000 0.7143 1.0000 1.0000
1.0000 1.0000 1.0000 1.0000 0.7143 1.0000 0.8571
0.8571 1.0000 0.8571 1.0000 1.0000 1.0000 1.0000
1.0000 1.0000 1.0000 1.0000 1.0000 1.0000 1.0000
1.0000 1.0000 1.0000 0.8571 0.8571 1.0000 1.0000
1.0000 1.0000 1.0000 1.0000 1.0000 1.0000 1.0000
1.0000 1.0000 1.0000 0.8571 0.8571 1.0000 1.0000
1.0000 0.8571 1.0000 0.7143 0.8571 1.0000 1.0000
1.0000 1.0000 1.0000 1.0000 1.0000 1.0000 1.0000
1.0000 1.0000 1.0000 0.8571 1.0000 1.0000 1.0000
1.0000 1.0000 0.8571 0.8571 1.0000 1.0000 1.0000
1.0000 0.7143 1.0000 0.8571 1.0000 0.8571 0.7143
1.0000 1.0000 0.8571 1.0000 1.0000 1.0000 1.0000
1.0000 1.0000 1.0000 0.8571 0.7143 1.0000 1.0000
1.0000 1.0000 0.8571 1.0000 1.0000 1.0000 0.8571
1.0000 1.0000 1.0000 1.0000 0.8571 1.0000 1.0000 1.0000
1.0000 1.0000 1.0000 1.0000 1.0000 1.0000 1.0000
1.0000 1.0000 1.0000 1.0000 1.0000 1.0000 0.7143
1.0000 1.0000 1.0000 1.0000 1.0000 1.0000 0.7143
1.0000 1.0000 1.0000 0.8571 0.8571 1.0000 1.0000
0.8571 1.0000 1.0000 0.8571 1.0000 1.0000 1.0000
1.0000 1.0000 1.0000 1.0000 1.0000 0.8571 1.0000
1.0000 1.0000 1.0000 1.0000 1.0000 1.0000 1.0000
1.0000 1.0000 0.8571 1.0000 1.0000 1.0000 1.0000
1.0000 1.0000 0.8571 1.0000 1.0000 0.8571 1.0000
0.7143 1.0000 1.0000 1.0000 1.0000 1.0000 1.0000 1.0000
1.0000 1.0000 1.0000 1.0000 1.0000 1.0000 1.0000 1.0000
0.8571 1.0000 1.0000 1.0000 1.0000 1.0000 1.0000 1.0000
1.0000 1.0000 0.8571 1.0000 1.0000 1.0000 1.0000 1.0000
1.0000 1.0000 1.0000 1.0000 1.0000 1.0000 1.0000 1.0000
1.0000 1.0000 1.0000 1.0000 0.8571 0.7143 1.0000
0.8571 1.0000 1.0000 1.0000 1.0000 0.7143 0.8571
1.0000 1.0000 0.7143 1.0000 1.0000 1.0000 1.0000
1.0000 1.0000 0.7143 1.0000 1.0000 1.0000 0.8571
1.0000 1.0000 1.0000 0.8571 1.0000 1.0000 0.8571
1.0000 0.8571 1.0000 1.0000 1.0000 1.0000 0.8571
0.8571 1.0000 0.8571 1.0000 1.0000 1.0000 1.0000
1.0000 1.0000 0.8571 1.0000 1.0000 0.8571 1.0000
1.0000 0.8571 0.8571 1.0000 0.5714 0.8571 1.0000
1.0000 1.0000 1.0000 0.8571 1.0000 1.0000 0.8571
1.0000 0.8571 0.8571 0.8571 1.0000 1.0000 1.0000
1.0000 1.0000 1.0000 0.7143 0.8571 0.8571 1.0000
1.0000 1.0000 1.0000 1.0000 1.0000 1.0000 1.0000
1.0000 1.0000 1.0000 1.0000 1.0000 1.0000 1.0000
1.0000 1.0000 1.0000 1.0000 1.0000 1.0000 1.0000
1.0000 1.0000 0.7143 1.0000 1.0000 1.0000 0.8571
1.0000 1.0000 0.7143 0.7143 1.0000 1.0000 0.8571
1.0000 1.0000 1.0000 0.8571 0.8571 1.0000 0.8571
1.0000 1.0000 1.0000 1.0000 1.0000 1.0000 0.5714
1.0000 1.0000 0.8571 0.8571 0.8571 1.0000 0.8571
0.7143 1.0000 1.0000 1.0000 1.0000 1.0000 1.0000 1.0000
0.8571 0.8571 1.0000 0.8571 1.0000 0.8571 1.0000 0.8571
1.0000 1.0000 0.8571 1.0000 1.0000 1.0000 1.0000
1.0000 1.0000 1.0000 1.0000 1.0000 1.0000 1.0000
1.0000 1.0000 1.0000 1.0000 1.0000 1.0000 1.0000
1.0000 0.8571 1.0000 0.8571 0.8571 1.0000 1.0000
1.0000 1.0000 0.8571 1.0000 0.8571 1.0000 1.0000
1.0000 1.0000 1.0000 1.0000 1.0000 1.0000 1.0000
1.0000 1.0000 1.0000 1.0000 1.0000 1.0000 0.8571
1.0000 1.0000 1.0000 1.0000 1.0000 1.0000 0.8571
1.0000 1.0000 0.8571 1.0000 1.0000 1.0000 1.0000
1.0000 0.7143 1.0000 1.0000 1.0000 1.0000 1.0000
1.0000 1.0000 1.0000 1.0000 1.0000 1.0000 1.0000
1.0000 1.0000 1.0000 1.0000 1.0000 1.0000 1.0000 1.0000
1.0000 0.8571 0.8571 1.0000 1.0000 1.0000 1.0000 1.0000
1.0000 0.8571 1.0000 1.0000 1.0000 1.0000 0.8571
1.0000 1.0000 0.8571 1.0000 1.0000 0.8571 1.0000
1.0000 1.0000 1.0000 1.0000 1.0000 0.5714 1.0000
1.0000 0.8571 0.8571 0.8571 1.0000 0.8571 1.0000
1.0000 0.8571 1.0000 0.8571 1.0000 1.0000 1.0000
1.0000 1.0000 1.0000 1.0000 0.8571 1.0000 0.8571
1.0000 1.0000 1.0000 1.0000 1.0000 1.0000 1.0000
1.0000 1.0000 1.0000 0.8571 0.8571 1.0000 1.0000
1.0000 1.0000 1.0000 1.0000 1.0000 1.0000 1.0000
1.0000 1.0000 1.0000 1.0000 1.0000 1.0000 0.7143
1.0000 1.0000 1.0000 1.0000 0.8571 0.8571 1.0000 0.8571
1.0000 0.8571 1.0000 1.0000 1.0000 1.0000 1.0000 1.0000
0.8571 1.0000 1.0000 1.0000 0.8571 1.0000 1.0000 1.0000
1.0000 0.8571 1.0000 1.0000 1.0000 1.0000 1.0000 1.0000
0.8571 1.0000 1.0000 1.0000 1.0000 1.0000 1.0000 0.7143
1.0000 1.0000 0.8571 1.0000 1.0000 1.0000 1.0000
1.0000 1.0000 1.0000 1.0000 1.0000 1.0000 1.0000
1.0000 1.0000 1.0000 1.0000 1.0000 1.0000 1.0000
1.0000 1.0000 1.0000 1.0000 0.8571 1.0000 1.0000
1.0000 1.0000 1.0000 0.8571 1.0000 1.0000 1.0000
1.0000 1.0000 0.8571 0.8571 1.0000 0.8571 1.0000
1.0000 1.0000 1.0000 1.0000 1.0000 1.0000 1.0000
1.0000 1.0000 0.8571 1.0000 1.0000 1.0000 1.0000
1.0000 1.0000 1.0000 1.0000 1.0000 1.0000 1.0000
1.0000 1.0000 1.0000 0.8571 1.0000 0.5714 1.0000
1.0000 1.0000 1.0000 1.0000 0.4286 0.8571 1.0000
0.8571 0.8571 1.0000 1.0000 1.0000 0.8571 0.8571
1.0000 0.8571 1.0000 0.8571 1.0000 1.0000 1.0000
1.0000 1.0000 1.0000 1.0000 1.0000 1.0000 1.0000
1.0000 1.0000 1.0000 1.0000 1.0000 1.0000 0.8571
1.0000 1.0000 1.0000 1.0000 1.0000 1.0000 1.0000
0.8571 1.0000 1.0000 1.0000 1.0000 1.0000 1.0000 1.0000
1.0000 1.0000 1.0000 1.0000 1.0000 1.0000 1.0000
1.0000 1.0000 1.0000 1.0000 1.0000 0.8571 0.8571
0.8571 1.0000 1.0000 1.0000 1.0000 1.0000 1.0000 1.0000
0.7143 1.0000 1.0000 1.0000 1.0000 1.0000 1.0000 1.0000
0.8571 1.0000 0.8571 1.0000 1.0000 1.0000 0.8571 1.0000
1.0000 1.0000 1.0000 0.8571 1.0000 1.0000 1.0000 1.0000
1.0000 1.0000 1.0000 1.0000 1.0000 1.0000 1.0000
0.8571 1.0000 1.0000 1.0000 1.0000 1.0000 0.7143 1.0000
1.0000 0.5714 1.0000 1.0000 1.0000 1.0000 1.0000 0.8571
1.0000 1.0000 1.0000 1.0000 1.0000 1.0000 0.8571
1.0000 1.0000 1.0000 0.8571 1.0000 1.0000 1.0000
1.0000 1.0000 1.0000 1.0000 0.5714 1.0000 1.0000 0.8571
1.0000 1.0000 1.0000 1.0000 1.0000 1.0000 1.0000 1.0000
0.5714 1.0000 1.0000 1.0000 1.0000 0.8571 1.0000 1.0000
0.7143 1.0000 0.7143 0.7143 1.0000 1.0000 1.0000 1.0000
1.0000 1.0000 1.0000 1.0000 1.0000 1.0000 1.0000
1.0000 1.0000 1.0000 0.8571 0.8571 1.0000 0.8571
1.0000 1.0000 1.0000 1.0000 1.0000 1.0000 1.0000 1.0000
1.0000 0.8571 1.0000 1.0000 0.8571 1.0000 1.0000 0.8571
0.8571 1.0000 1.0000 1.0000 1.0000 1.0000 0.7143 0.8571
1.0000 1.0000 1.0000 1.0000 1.0000 1.0000 1.0000
1.0000 1.0000 1.0000 1.0000 1.0000 1.0000 0.8571 1.0000
1.0000 1.0000 1.0000 1.0000 0.8571 1.0000 0.8571 0.8571
1.0000 0.7143 0.7143 1.0000 1.0000 1.0000 1.0000
1.0000 0.8571 1.0000 1.0000 1.0000 1.0000 1.0000
0.8571 1.0000 1.0000 0.7143 1.0000 1.0000 1.0000
1.0000 1.0000 1.0000 1.0000 1.0000 1.0000 1.0000
1.0000 0.7143 1.0000 1.0000 1.0000 1.0000 1.0000
0.8571 1.0000 1.0000 1.0000 1.0000 1.0000 1.0000 1.0000
1.0000 1.0000 1.0000 0.8571 1.0000 1.0000 1.0000
1.0000 1.0000 1.0000 1.0000 0.8571 1.0000 1.0000
1.0000 1.0000 1.0000 0.7143 1.0000 1.0000 1.0000
0.8571 0.8571 1.0000 1.0000 0.7143 1.0000 1.0000 1.0000
1.0000 1.0000 1.0000 1.0000 1.0000 1.0000 1.0000
0.8571 1.0000 1.0000 0.8571 0.8571 0.8571 0.8571
1.0000 1.0000 1.0000 1.0000 1.0000 0.8571 1.0000
0.8571 1.0000 1.0000 1.0000 1.0000 1.0000 1.0000
0.8571 1.0000 1.0000 0.8571 1.0000 1.0000 1.0000
0.8571 0.8571 1.0000 1.0000 1.0000 1.0000 1.0000 1.0000
1.0000 1.0000 1.0000 1.0000 1.0000 1.0000 1.0000 1.0000
1.0000 1.0000 1.0000 1.0000 1.0000 1.0000 0.8571 1.0000
0.8571 1.0000 1.0000 1.0000 1.0000 1.0000 1.0000
0.7143 1.0000 1.0000 1.0000 1.0000 0.8571 1.0000 1.0000
0.8571 1.0000 1.0000 1.0000 1.0000 0.8571 1.0000 0.8571
1.0000 1.0000 1.0000 1.0000 1.0000 1.0000 1.0000 1.0000
0.8571 1.0000 1.0000 1.0000 1.0000 0.8571 1.0000 1.0000
1.0000 0.8571 0.8571 1.0000 1.0000 1.0000 1.0000 0.8571
1.0000 1.0000 0.7143 1.0000 1.0000 0.8571 0.8571
0.8571 1.0000 0.8571 0.7143 0.8571 1.0000 1.0000
1.0000 1.0000 1.0000 1.0000 0.8571 1.0000 0.8571
1.0000 1.0000 1.0000 1.0000 1.0000 0.7143 1.0000
1.0000 1.0000 1.0000 1.0000 0.8571 1.0000 1.0000
1.0000 1.0000 1.0000 1.0000 0.7143 1.0000 1.0000
1.0000 1.0000 1.0000 1.0000 1.0000 1.0000 1.0000
1.0000 1.0000 0.8571 1.0000 1.0000 1.0000 1.0000
1.0000 1.0000 1.0000 1.0000 1.0000 1.0000 1.0000
1.0000 1.0000 1.0000 1.0000 1.0000 1.0000 1.0000
1.0000 1.0000 1.0000 1.0000 1.0000 1.0000 1.0000
1.0000 1.0000 0.7143 1.0000 1.0000 1.0000 1.0000
1.0000 1.0000 1.0000 1.0000 1.0000 1.0000 1.0000 0.8571
1.0000 1.0000 1.0000 0.8571 0.8571 1.0000 1.0000 1.0000
0.8571 1.0000 0.7143 1.0000 0.7143 1.0000 1.0000 1.0000
1.0000 1.0000 1.0000 1.0000 1.0000 1.0000 1.0000 1.0000
1.0000 1.0000 1.0000 1.0000 1.0000 1.0000 1.0000
1.0000 1.0000 1.0000 0.8571 1.0000 1.0000 1.0000
1.0000 1.0000 1.0000 1.0000 0.8571 1.0000 0.8571
1.0000 1.0000 1.0000 1.0000 1.0000 1.0000 1.0000
1.0000 1.0000 1.0000 1.0000 1.0000 1.0000 1.0000
1.0000 0.8571 0.8571 1.0000 1.0000 1.0000 0.8571
1.0000 1.0000 1.0000 1.0000 1.0000 0.8571 1.0000
1.0000 1.0000 1.0000 1.0000 1.0000 0.7143 0.8571
0.8571 0.8571 0.8571 1.0000 0.8571 1.0000 1.0000
1.0000 1.0000 1.0000 1.0000 0.8571 0.8571 0.8571
1.0000 1.0000 1.0000 1.0000 1.0000 0.5714 0.8571
1.0000 1.0000 1.0000 0.7143 1.0000 1.0000 0.7143
0.8571 0.8571 1.0000 1.0000 1.0000 0.8571 1.0000 0.7143
1.0000 1.0000 1.0000 1.0000 1.0000 1.0000 1.0000 0.8571
1.0000 1.0000 0.7143 0.8571 0.8571 1.0000 1.0000
0.8571 0.8571 1.0000 1.0000 1.0000 0.8571 1.0000 0.8571
1.0000 1.0000 0.8571 1.0000 1.0000 0.8571 1.0000
1.0000 1.0000 1.0000 0.8571 1.0000 0.8571 1.0000
1.0000 1.0000 1.0000 0.5714 1.0000 0.8571 1.0000
1.0000 0.8571 1.0000 0.8571 1.0000 1.0000 1.0000
1.0000 1.0000 0.8571 0.8571 1.0000 1.0000 1.0000
1.0000 1.0000 1.0000 1.0000 1.0000 1.0000 1.0000
1.0000 0.8571 0.8571 0.8571 1.0000 1.0000 1.0000
1.0000 0.8571 1.0000 0.8571 1.0000 1.0000 1.0000
1.0000 1.0000 1.0000 1.0000 1.0000 0.8571 1.0000
1.0000 1.0000 1.0000 1.0000 0.8571 1.0000 1.0000
1.0000 1.0000 1.0000 1.0000 1.0000 1.0000 1.0000
1.0000 1.0000 1.0000 1.0000 0.7143 0.8571 1.0000
1.0000 1.0000 1.0000 0.8571 1.0000 0.8571 1.0000
1.0000 1.0000 1.0000 1.0000 1.0000 0.7143 1.0000
1.0000 1.0000 1.0000 1.0000 1.0000 0.8571 1.0000
1.0000 1.0000 1.0000 1.0000 0.7143 1.0000 1.0000
1.0000 1.0000 1.0000 0.8571 1.0000 1.0000 1.0000
1.0000 1.0000 1.0000 1.0000 1.0000 1.0000 1.0000
1.0000 1.0000 0.8571 1.0000 0.8571 1.0000 1.0000
1.0000 1.0000 1.0000 1.0000 1.0000 1.0000 1.0000
1.0000 0.8571 1.0000 0.8571 0.8571 1.0000 0.7143
1.0000 1.0000 1.0000 1.0000 1.0000 0.8571 1.0000
1.0000 0.8571 1.0000 1.0000 1.0000 1.0000 1.0000
1.0000 0.8571 1.0000 0.8571 1.0000 1.0000 1.0000
1.0000 1.0000 1.0000 1.0000 1.0000 0.8571 1.0000
1.0000 1.0000 1.0000 1.0000 1.0000 0.5714 0.8571
1.0000 1.0000 1.0000 1.0000 1.0000 1.0000 1.0000
1.0000 1.0000 1.0000 1.0000 1.0000 1.0000 1.0000
1.0000 1.0000 1.0000 1.0000 1.0000 1.0000 1.0000
0.8571 1.0000 1.0000 0.7143 0.8571 1.0000 1.0000 0.8571
1.0000 1.0000 1.0000 1.0000 0.7143 1.0000 1.0000 1.0000
0.8571 1.0000 1.0000 1.0000 1.0000 1.0000 1.0000 1.0000
1.0000 0.8571 1.0000 1.0000 1.0000 1.0000 1.0000 1.0000
1.0000 1.0000 1.0000 1.0000 1.0000 1.0000 1.0000 1.0000
0.8571 1.0000 1.0000 0.8571 1.0000 1.0000 1.0000 0.8571
1.0000 1.0000 1.0000 1.0000 1.0000 1.0000 1.0000 1.0000
0.8571 1.0000 1.0000 1.0000 1.0000 1.0000 1.0000 1.0000
1.0000 1.0000 1.0000 1.0000 1.0000 1.0000 0.7143 1.0000
1.0000 1.0000 1.0000 1.0000 1.0000 1.0000 1.0000 1.0000
0.7143 1.0000 1.0000 1.0000 1.0000 1.0000 0.8571
1.0000 0.8571 1.0000 0.8571 1.0000 1.0000 1.0000
1.0000 1.0000 1.0000 1.0000 1.0000 1.0000 1.0000
1.0000 1.0000 1.0000 1.0000 1.0000 0.8571 1.0000
1.0000 1.0000 0.8571 0.8571 1.0000 1.0000 0.7143
1.0000 1.0000 1.0000 1.0000 0.8571 1.0000 1.0000 0.8571
0.8571 0.8571 1.0000 1.0000 0.8571 1.0000 1.0000 1.0000
1.0000 1.0000 1.0000 1.0000 1.0000 1.0000 0.8571
1.0000 1.0000 1.0000 1.0000 1.0000 1.0000 0.7143
0.8571 1.0000 1.0000 1.0000 1.0000 1.0000 1.0000
0.8571 1.0000 1.0000 1.0000 0.7143 1.0000 1.0000 1.0000
1.0000 1.0000 1.0000 1.0000 1.0000 1.0000 1.0000 1.0000
0.8571 1.0000 1.0000 1.0000 1.0000 1.0000 1.0000 1.0000
1.0000 1.0000 1.0000 1.0000 0.7143 1.0000 1.0000 1.0000
1.0000 1.0000 1.0000 1.0000 1.0000 1.0000 1.0000 1.0000
0.8571 0.8571 1.0000 1.0000 0.8571 0.8571 0.8571 0.8571
1.0000 1.0000 1.0000 1.0000 1.0000 1.0000 1.0000
1.0000 1.0000 0.8571 1.0000 1.0000 1.0000 1.0000
1.0000 0.8571 1.0000 1.0000 1.0000 0.8571 1.0000
1.0000 1.0000 1.0000 1.0000 1.0000 1.0000 1.0000
1.0000 1.0000 1.0000 1.0000 1.0000 1.0000 1.0000
0.8571 1.0000 1.0000 0.8571 0.8571 1.0000 1.0000 1.0000
1.0000 1.0000 1.0000 0.8571 1.0000 1.0000 0.8571 0.8571
1.0000 1.0000 1.0000 1.0000 1.0000 0.8571 1.0000 1.0000
1.0000 1.0000 0.8571 1.0000 1.0000 1.0000 1.0000 1.0000
1.0000 0.8571 0.8571 0.7143 1.0000 1.0000 1.0000
1.0000 1.0000 1.0000 0.8571 1.0000 0.8571 1.0000
1.0000 0.8571 0.8571 1.0000 1.0000 1.0000 0.8571
0.8571 0.8571 1.0000 1.0000 1.0000 1.0000 1.0000
1.0000 1.0000 0.7143 1.0000 0.8571 1.0000 1.0000
0.8571 1.0000 1.0000 0.8571 1.0000 1.0000 1.0000
1.0000 1.0000 1.0000 0.8571 0.8571 1.0000 0.8571
1.0000 1.0000 1.0000 1.0000 0.4286 1.0000 1.0000
1.0000 1.0000 1.0000 1.0000 1.0000 1.0000 1.0000
0.8571 1.0000 1.0000 0.8571 1.0000 1.0000 0.7143
1.0000 1.0000 1.0000 1.0000 1.0000 1.0000 1.0000 0.8571
1.0000 1.0000 1.0000 1.0000 0.8571 1.0000 0.8571 0.8571
0.8571 1.0000 1.0000 1.0000 1.0000 1.0000 1.0000 1.0000
0.8571 1.0000 1.0000 1.0000 0.7143 1.0000 1.0000 1.0000
0.8571 0.8571 1.0000 1.0000 1.0000 1.0000 0.7143 0.7143
1.0000 0.8571 1.0000 0.8571 1.0000 0.7143 1.0000
0.8571 1.0000 1.0000 1.0000 1.0000 1.0000 1.0000
1.0000 1.0000 1.0000 1.0000 0.8571 1.0000 1.0000
1.0000 1.0000 1.0000 0.8571 0.8571 1.0000 1.0000
1.0000 0.7143 1.0000 1.0000 1.0000 0.8571 1.0000
1.0000 1.0000 0.8571 1.0000 1.0000 0.8571 1.0000
1.0000 1.0000 1.0000 1.0000 1.0000 1.0000 1.0000
1.0000 1.0000 0.8571 1.0000 1.0000 1.0000 1.0000
1.0000 0.7143 1.0000 0.8571 0.8571 0.8571 0.8571
1.0000 1.0000 1.0000 1.0000 1.0000 0.8571 0.8571
1.0000 1.0000 1.0000 1.0000 1.0000 1.0000 1.0000
1.0000 1.0000 1.0000 1.0000 1.0000 1.0000 1.0000
0.7143 1.0000 1.0000 1.0000 0.8571 1.0000 1.0000 0.8571
0.8571 0.8571 1.0000 1.0000 1.0000 1.0000 1.0000 1.0000
0.8571 1.0000 1.0000 1.0000 1.0000 1.0000 0.8571 1.0000
1.0000 1.0000 0.8571 1.0000 1.0000 0.8571 0.7143
0.8571 1.0000 1.0000 1.0000 1.0000 1.0000 0.8571
1.0000 0.8571 1.0000 1.0000 1.0000 1.0000 1.0000 1.0000
1.0000 1.0000 1.0000 1.0000 1.0000 1.0000 0.5714 0.8571
1.0000 1.0000 1.0000 1.0000 0.7143 1.0000 1.0000
1.0000 1.0000 1.0000 1.0000 1.0000 1.0000 0.5714
1.0000 1.0000 1.0000 0.8571 1.0000 1.0000 1.0000
1.0000 0.8571 0.8571 0.8571 1.0000 0.8571 1.0000
1.0000 0.8571 0.8571 1.0000 1.0000 1.0000 1.0000
1.0000 1.0000 1.0000 1.0000 0.8571 1.0000 1.0000
1.0000 1.0000 0.8571 1.0000 1.0000 1.0000 1.0000
1.0000 1.0000 1.0000 0.8571 1.0000 1.0000 1.0000
1.0000 1.0000 1.0000 0.8571 1.0000 1.0000 1.0000
1.0000 1.0000 1.0000 0.8571 1.0000 0.8571 0.7143
1.0000 1.0000 1.0000 1.0000 1.0000 1.0000 1.0000
1.0000 1.0000 1.0000 1.0000 1.0000 1.0000 1.0000
1.0000 1.0000 1.0000 1.0000 1.0000 1.0000 1.0000 0.8571
1.0000 0.8571 1.0000 1.0000 1.0000 1.0000 1.0000 1.0000
1.0000 1.0000 1.0000 1.0000 1.0000 1.0000 0.8571
1.0000 0.8571 1.0000 1.0000 1.0000 1.0000 1.0000 1.0000
1.0000 1.0000 1.0000 1.0000 1.0000 1.0000 1.0000
1.0000 1.0000 1.0000 1.0000 1.0000 1.0000 1.0000
1.0000 1.0000 1.0000 1.0000 1.0000 1.0000 1.0000
0.8571 1.0000 1.0000 1.0000 1.0000 1.0000 1.0000
1.0000 1.0000 1.0000 1.0000 1.0000 0.8571 1.0000
1.0000 1.0000 1.0000 1.0000 1.0000 0.8571 1.0000
1.0000 1.0000 1.0000 1.0000 1.0000 1.0000 1.0000
1.0000 1.0000 0.8571 1.0000 1.0000 0.8571 1.0000
1.0000 1.0000 1.0000 1.0000 1.0000 0.8571 0.8571
1.0000 1.0000 1.0000 0.8571 1.0000 1.0000 1.0000
1.0000 1.0000 1.0000 1.0000 1.0000 1.0000 1.0000 1.0000
1.0000 1.0000 1.0000 1.0000 1.0000 1.0000 0.8571 1.0000
0.8571 1.0000 1.0000 0.8571 1.0000 1.0000 1.0000 1.0000
1.0000 1.0000 1.0000 1.0000 1.0000 1.0000 1.0000 1.0000
1.0000 1.0000 1.0000 1.0000 1.0000 1.0000 1.0000
1.0000 0.8571 1.0000 1.0000 1.0000 0.5714 1.0000 1.0000
0.5714 1.0000 1.0000 1.0000 1.0000 1.0000 1.0000
1.0000 1.0000 1.0000 1.0000 1.0000 0.5714 1.0000
1.0000 1.0000 1.0000 1.0000 1.0000 1.0000 1.0000
1.0000 1.0000 1.0000 0.8571 1.0000 1.0000 0.8571
1.0000 1.0000 1.0000 0.8571 1.0000 1.0000 0.8571
0.8571 1.0000 0.8571 1.0000 1.0000 1.0000 1.0000
1.0000 1.0000 1.0000 1.0000 1.0000 1.0000 0.8571
1.0000 1.0000 1.0000 1.0000 1.0000 1.0000 0.7143 1.0000
1.0000 1.0000 1.0000 1.0000 1.0000 1.0000 1.0000
1.0000 0.8571 1.0000 1.0000 1.0000 0.8571 0.8571
0.7143 1.0000 1.0000 1.0000 1.0000 1.0000 1.0000
0.8571 1.0000 1.0000 0.8571 1.0000 0.8571 1.0000
1.0000 1.0000 1.0000 1.0000 1.0000 1.0000 1.0000
1.0000 1.0000 1.0000 1.0000 1.0000 1.0000 0.8571
1.0000 1.0000 1.0000 1.0000 1.0000 1.0000 1.0000
1.0000 1.0000 1.0000 1.0000 1.0000 1.0000 1.0000
1.0000 1.0000 1.0000 1.0000 1.0000 0.8571 1.0000
1.0000 1.0000 1.0000 1.0000 1.0000 1.0000 0.8571
1.0000 1.0000 1.0000 0.8571 1.0000 0.8571 1.0000
1.0000 1.0000 1.0000 1.0000 0.7143 1.0000 0.8571
1.0000 0.8571 1.0000 1.0000 1.0000 1.0000 1.0000
1.0000 1.0000 1.0000 1.0000 0.8571 1.0000 1.0000
1.0000 0.8571 0.8571 0.7143 1.0000 1.0000 1.0000
1.0000 0.8571 0.8571 1.0000 1.0000 1.0000 0.8571
0.8571 0.5714 1.0000 1.0000 1.0000 0.8571 0.8571 1.0000
1.0000 0.8571 1.0000 1.0000 1.0000 1.0000 1.0000 1.0000
0.7143 1.0000 1.0000 1.0000 1.0000 1.0000 1.0000 1.0000
0.7143 1.0000 0.8571 1.0000 0.8571 1.0000 1.0000 1.0000
1.0000 1.0000 1.0000 1.0000 1.0000 1.0000 0.7143 1.0000
1.0000 1.0000 1.0000 0.7143 1.0000 1.0000 1.0000 1.0000
1.0000 1.0000 1.0000 1.0000 1.0000 1.0000 1.0000 0.8571
1.0000 0.4286 1.0000 1.0000 1.0000 1.0000 0.5714 1.0000
0.8571 1.0000 1.0000 0.8571 1.0000 1.0000 1.0000
1.0000 1.0000 1.0000 1.0000 0.8571 1.0000 1.0000
1.0000 0.8571 1.0000 1.0000 1.0000 1.0000 1.0000
1.0000 1.0000 1.0000 1.0000 0.8571 1.0000 1.0000
1.0000 1.0000 1.0000 1.0000 0.8571 1.0000 1.0000
1.0000 0.8571 1.0000 1.0000 0.7143 1.0000 1.0000
1.0000 1.0000 1.0000 1.0000 1.0000 1.0000 0.5714
1.0000 1.0000 1.0000 1.0000 1.0000 1.0000 1.0000
1.0000 0.8571 1.0000 1.0000 1.0000 0.8571 0.8571
1.0000 0.7143 1.0000 1.0000 1.0000 1.0000 1.0000 1.0000
1.0000 1.0000 1.0000 1.0000 1.0000 1.0000 1.0000
1.0000 1.0000 0.8571 1.0000 1.0000 1.0000 0.8571
1.0000 1.0000 1.0000 0.7143 0.8571 1.0000 1.0000
1.0000 1.0000 1.0000 1.0000 1.0000 1.0000 0.8571
0.8571 1.0000 0.8571 1.0000 1.0000 1.0000 1.0000
1.0000 1.0000 1.0000 0.8571 1.0000 1.0000 1.0000
1.0000 1.0000 0.8571 1.0000 0.8571 0.8571 1.0000
1.0000 1.0000 1.0000 1.0000 1.0000 1.0000 1.0000 1.0000
1.0000 1.0000 1.0000 1.0000 1.0000 1.0000 1.0000
1.0000 1.0000 1.0000 1.0000 1.0000 1.0000 1.0000
1.0000 1.0000 1.0000 1.0000 1.0000 1.0000 1.0000
1.0000 1.0000 0.7143 1.0000 1.0000 1.0000 0.8571
1.0000 1.0000 1.0000 1.0000 1.0000 1.0000 1.0000 1.0000
0.8571 1.0000 1.0000 1.0000 0.8571 1.0000 1.0000 1.0000
0.7143 0.8571 1.0000 0.8571 1.0000 1.0000 0.8571 0.8571
0.8571 1.0000 1.0000 1.0000 1.0000 1.0000 1.0000 0.8571
1.0000 1.0000 1.0000 0.8571 1.0000 1.0000 1.0000 1.0000
1.0000 1.0000 0.8571 1.0000 1.0000 1.0000 1.0000
1.0000 1.0000 1.0000 1.0000 1.0000 1.0000 0.8571
1.0000 1.0000 0.8571 1.0000 1.0000 0.8571 1.0000
1.0000 0.8571 0.8571 1.0000 0.8571 0.7143 0.8571
1.0000 0.8571 1.0000 0.8571 1.0000 0.7143 1.0000
1.0000 1.0000 1.0000 1.0000 1.0000 1.0000 1.0000
1.0000 1.0000 1.0000 1.0000 1.0000 1.0000 1.0000
1.0000 1.0000 1.0000 1.0000 1.0000 1.0000 0.8571
1.0000 1.0000 0.8571 0.7143 1.0000 1.0000 1.0000
1.0000 0.8571 1.0000 0.8571 0.8571 1.0000 0.8571
1.0000 1.0000 1.0000 1.0000 1.0000 1.0000 1.0000
1.0000 1.0000 1.0000 1.0000 1.0000 1.0000 0.7143
1.0000 0.8571 0.8571 1.0000 0.7143 1.0000 1.0000
1.0000 1.0000 0.8571 1.0000 0.8571 1.0000 1.0000
1.0000 1.0000 1.0000 1.0000 1.0000 1.0000 1.0000
1.0000 1.0000 0.8571 1.0000 1.0000 1.0000 0.7143
1.0000 1.0000 0.8571 1.0000 1.0000 0.8571 1.0000
1.0000 1.0000 0.8571 1.0000 1.0000 1.0000 1.0000
1.0000 0.7143 0.7143 1.0000 1.0000 1.0000 1.0000
1.0000 1.0000 1.0000 1.0000 1.0000 1.0000 1.0000
1.0000 0.8571 1.0000 1.0000 1.0000 0.8571 1.0000
1.0000 1.0000 1.0000 1.0000 1.0000 1.0000 1.0000
0.8571 1.0000 1.0000 1.0000 1.0000 1.0000 0.8571
1.0000 1.0000 1.0000 1.0000 1.0000 1.0000 1.0000
1.0000 1.0000 1.0000 0.8571 1.0000 1.0000 1.0000
